0.199159	-0.00701	0.041819	0.116383	0.097358	0.122996	-0.175081	0.038452	-0.021143	-0.269863	0.092921	0.180586	0.026698	0.208333	0.228968	-0.094195	-0.08642	-0.060088	0.113763	0.117832	-0.148123	-0.082908	-0.032195	-0.03063	-0.108339	0.016562	-0.158899	-0.084818	-0.196585	0.216357	0.080203	0.040119	0.345346	0.084895	0.117171	0.084248	0.376021	-0.201365	-0.072714	-0.048145	0.109225	-0.075899	-0.103533	-0.075527	-0.032588	0.141831	-0.166288	0.102919	0.048706	-0.170068	
0.02726	-0.018309	-0.021504	-0.191428	-0.034607	-0.002618	-0.155062	-0.01324	0.254451	-0.04112	-0.051187	-0.083516	0.066306	-0.179536	0.042092	-0.003494	-0.164227	-0.102551	-0.165163	-0.01866	0.173568	0.216455	0.158506	0.107658	0.024775	-0.375681	0.072261	-0.056024	-0.016159	0.08071	0.070254	0.106487	-0.258453	-0.258376	-0.008234	0.191537	0.047383	-0.244772	-0.292699	-0.001592	-0.089482	-0.104842	0.014331	-0.147185	0.075805	0.073194	-0.176236	-0.053531	0.176902	-0.186126	
0.27356	-0.078408	0.002107	0.215901	0.015351	0.043176	0.093178	0.241931	-0.035196	-0.104485	1e-05	-0.264946	0.0786	0.186065	-0.144812	0.233805	0.161343	0.160567	0.065845	-0.082827	0.08801	0.103612	0.159364	0.046666	0.210371	-0.104072	0.177677	-0.114639	0.025281	0.000984	0.013184	0.068281	0.010075	0.130662	-0.069064	-0.054241	-0.046594	0.033522	-0.091707	-0.122834	0.17561	0.085546	0.068924	0.071354	0.217871	-0.036403	-0.43247	0.182465	-0.129434	0.066432	
0.060951	-0.151107	0.035389	-0.162135	-0.0156	0.182671	0.247995	-0.043705	0.110306	-0.011403	-0.002079	-0.154103	0.067418	0.236964	0.088059	-0.144818	0.178747	0.142274	-0.065651	-0.274239	-0.118536	-0.022599	0.134869	0.044246	-0.223609	0.051261	-0.222557	0.098127	0.007819	0.118133	-0.200532	-0.016951	-0.064625	0.077422	-0.154919	-0.174134	-0.069866	0.069886	-0.134367	0.077385	-0.003997	0.125863	0.1979	-0.335234	-0.14924	0.129171	-0.034574	-0.174675	-0.021998	-0.232028	
0.324318	0.177933	-0.016717	0.025634	0.068027	-0.012155	0.077942	0.179844	-0.139126	-0.230333	-0.141009	0.082732	0.161675	-0.077933	0.036453	0.021667	-0.091519	-0.27604	0.142168	0.105472	-0.241181	0.222285	0.015271	-0.155654	-0.219006	0.015432	-0.102907	-0.05084	0.32488	-0.136351	0.029134	0.115117	-0.190874	-0.253509	-0.014815	-0.04283	0.085791	0.268076	-0.010016	-0.031539	0.007852	0.136899	0.13357	0.021727	-0.06383	-0.036101	0.006611	-0.106587	0.005623	0.03619	
-0.014201	-0.10236	0.004909	0.235264	-0.458715	-0.018976	0.171669	0.091018	-0.194219	-0.144157	0.014814	-0.057025	0.006093	-0.150587	0.031725	0.019212	-0.057382	-0.19381	-0.193351	0.072835	-0.238019	-0.22101	0.078047	0.109141	0.090258	-0.018216	-0.11423	0.085954	-0.112415	0.17448	0.031908	-0.176799	-0.215664	0.017082	-0.377237	0.079894	0.049445	-0.063753	0.032129	-0.111819	0.008651	-0.009864	-0.161189	0.12554	0.060639	-0.033504	0.019206	-0.087987	-0.047241	-0.124249	
-0.048307	0.039532	-0.071315	0.125623	0.351071	-0.142548	-0.055109	0.008204	-0.132184	0.11152	0.028915	0.108292	-0.075972	-0.140381	9.2e-05	-0.037261	-0.104132	0.012242	0.153167	-0.089294	0.021295	-0.281876	0.060598	0.128947	0.072331	-0.24226	0.083035	0.163436	0.282643	0.28022	-0.105653	-0.11507	-0.057028	0.061415	-0.263864	-0.048375	0.196132	0.031649	0.016325	0.231567	-0.036324	0.154299	0.053199	-0.073009	-0.179331	0.000148	-0.202089	0.076572	0.178284	0.141292	
-0.023186	-0.035182	-0.198195	0.278696	-0.135122	0.015519	-0.08416	-0.205855	-0.138031	0.043473	-0.206563	-0.29454	-0.149873	-0.162108	-0.102591	0.16291	-0.142558	-0.021848	-0.14102	-0.033346	-0.052401	0.10899	0.085813	-0.085493	0.024724	-0.105837	-0.143446	-0.069513	0.052035	-0.101818	-0.050725	-0.12585	0.298816	-0.103142	0.189625	-0.273745	0.193518	-0.107642	0.143191	0.117615	-0.222962	0.017468	0.191753	-0.125886	-0.025174	0.119274	-0.061568	-0.032292	-0.123281	-0.074957	
0.029043	-0.072488	-0.065019	-0.132647	-0.012985	-0.03192	-0.21952	0.003871	-0.0701	-0.201112	0.051338	0.114545	-0.0965	-0.205296	0.160881	0.103069	-0.073359	0.011732	-0.120201	-0.159705	-0.045228	0.286851	0.141211	0.164611	0.027904	-0.006918	-0.079724	0.00187	-0.176413	0.073638	-0.361932	0.098043	0.083982	-0.012596	-0.010394	-0.10865	-0.187897	0.038322	0.193956	0.20096	0.394791	0.025672	0.002357	0.20438	-0.163088	-0.217804	-0.023883	0.053235	0.012509	-0.05134	
0.164561	0.064264	-0.263829	-0.086141	0.058472	0.209144	-0.14283	-0.061933	0.031512	0.083369	-0.197932	-0.173909	0.101683	-0.008929	0.142449	-0.229696	-0.015673	0.093405	0.009663	-0.115975	-0.233353	-0.147251	-0.200447	-0.034786	0.100596	0.063842	0.152934	-0.011063	-0.107401	0.007094	-0.077471	-0.173506	-0.331622	-0.106733	0.07265	0.064835	0.054906	0.014373	0.305533	-0.115834	0.042648	-0.171315	0.132364	-0.064522	0.038501	-0.10419	-0.046024	0.347687	-0.015309	-0.069503	
0.041884	-0.007223	0.138339	0.024701	0.225755	-0.106921	0.217103	-0.244435	-0.082344	-0.123389	0.222492	-0.122422	-0.36508	-0.032496	0.181869	-0.10131	0.101655	-0.260518	-0.128165	0.014484	-0.060991	0.021365	-0.164531	-0.149917	0.138127	-0.090684	0.1451	-0.200806	-0.122498	0.191014	0.019024	0.109903	-0.193117	-0.039042	0.129399	-0.082061	-0.098828	-0.059494	0.046964	0.000163	0.058398	0.287374	0.080623	-0.020187	0.138903	0.20077	0.06438	0.020993	-0.089406	0.030429	
0.008841	-0.26372	0.172208	0.015892	-0.015193	0.070287	-0.03494	0.079204	0.309269	0.135338	0.019964	0.007083	-0.203685	0.126836	-0.034719	0.049889	-0.054653	-0.164507	0.006862	0.090356	-0.233834	0.101827	-0.023385	0.218267	0.074747	0.224455	-0.017043	-0.075303	0.015096	0.029923	0.189154	0.219093	-0.080903	-0.020623	-0.099564	-0.120731	0.060299	0.168979	0.100657	0.387138	-0.312561	-0.102923	-0.003756	0.108004	-0.006805	-0.059808	-0.12576	0.214096	0.018407	-0.067471	
-0.028283	0.065083	0.09771	0.214105	-0.130237	0.2302	-0.178549	0.059671	0.09183	0.259618	0.335546	0.005891	0.315906	-0.210967	0.141982	-0.148034	0.003868	-0.071252	-0.002502	-0.115542	0.168874	-0.100016	-0.004256	-0.00869	0.094902	-0.01444	-0.232933	-0.297599	0.178205	-0.009122	-0.02927	0.212753	-0.050726	0.095871	0.054175	0.048537	0.044416	-0.005478	0.165724	0.065005	0.035389	0.196684	0.011498	-0.120299	0.092735	-0.132203	0.008671	-0.072466	-0.18847	-0.0083	
0.127875	0.124671	-0.058859	0.178926	0.070581	-0.153365	0.052647	-0.138928	0.042629	0.114983	-0.004082	-0.241915	0.061213	-0.120682	0.297712	0.048059	0.176851	0.339269	0.171094	0.105286	-0.041061	0.238288	0.043994	0.155348	-0.079315	-0.132392	-0.264576	0.160909	-0.130699	0.102444	0.054691	0.030407	-0.078	0.01599	0.030888	0.146749	0.062996	0.231199	0.043451	0.129825	-0.071079	-0.028405	-0.243563	0.107321	0.185999	0.176087	0.153953	-0.001302	0.046264	0.060039	
0.107215	0.244878	0.193178	-0.028457	-0.08417	-0.136099	0.215348	0.000461	0.038115	-0.110926	-0.119664	0.154608	-0.083651	-0.193648	-0.121162	-0.159631	-0.233969	0.228715	-0.069179	0.061944	0.031325	-0.074827	0.190575	0.070459	0.174768	0.263049	-0.014287	-0.058581	-0.049518	0.178432	-0.091199	0.055036	0.16366	-0.072953	0.029943	0.073815	0.0143	0.159847	-0.010237	0.054938	0.004513	-0.038303	0.201584	-0.313871	0.364381	-0.107769	0.052858	0.092614	0.073089	0.013054	
0.019286	0.12963	0.03939	-0.024775	-0.134502	0.049756	-0.062165	0.146958	0.119643	-0.044294	-0.129029	-0.038185	-0.04627	-0.055503	-0.066079	0.410425	0.10812	-0.114272	0.152215	0.006372	0.068757	-0.013506	-0.283453	-0.035281	0.205595	0.099496	-0.115336	0.219016	0.206662	0.216834	-0.00343	0.045931	-0.132312	0.161103	0.091259	0.041231	0.013104	-0.172401	-0.021146	0.181944	0.277557	-0.117793	0.178844	-0.131227	-0.010558	0.232307	0.238524	0.045863	-0.021194	-0.109044	
0.021216	-0.058698	-0.103363	-0.131894	-0.349871	0.134753	0.006052	0.171404	-0.057851	-0.128052	-0.185792	0.001791	-0.070439	0.014935	-0.029312	-0.256774	0.020942	0.179759	-0.033868	-0.162492	-0.039275	-0.007459	-0.188594	0.115162	0.005937	-0.128555	0.126048	-0.13179	-0.01627	0.011554	0.060759	0.15191	0.085939	-0.095559	0.002868	0.119527	0.148398	-0.026412	-0.101524	0.267953	0.032771	0.196114	-0.048915	0.043066	-0.105885	0.2219	0.100814	0.001147	-0.096293	0.474103	
-0.109819	-0.034187	0.056244	-0.073139	0.195376	-0.053929	-0.076722	0.06295	-0.075246	0.107191	-0.303235	-0.005777	-0.071471	-0.135992	0.20043	-0.083818	0.169514	0.221388	0.047242	0.169398	-0.11802	-0.076848	0.173655	0.066409	0.22151	0.164645	0.053893	-0.365972	0.115433	-0.117793	0.223835	-0.086337	-0.020737	-0.04288	-0.111236	-0.047884	0.056612	-0.098646	-0.118716	0.071968	0.244354	-0.021979	0.031385	0.106557	-0.084729	0.067909	0.017207	-0.271836	-0.141527	-0.242611	
-0.058823	0.209333	0.203585	0.091424	-0.023921	-0.045823	0.071612	-0.191523	-0.255653	-0.223552	-0.244034	-0.096689	0.115051	0.046428	-0.089878	-0.14594	0.068721	0.013276	0.194732	-0.038904	0.081842	-0.088816	-0.112176	0.145441	0.155221	-0.029053	-0.126792	-0.011575	-0.084729	-0.161815	-0.053137	0.407858	-0.070219	0.085321	0.00077	0.055574	-0.189873	-0.193575	0.126235	0.042871	-0.21058	-0.029831	-0.006333	0.057528	-0.232513	-0.02341	-0.159221	0.011343	0.1792	-0.16034	
-0.222523	-0.188638	-0.186591	-0.276378	-0.015871	-0.11944	0.037984	0.301891	-0.153855	0.212308	-0.143143	-0.127214	-0.031815	-0.020008	0.126822	0.126481	-0.031482	-0.165568	0.233805	0.043822	-0.166235	-0.109833	0.213216	-0.052763	0.04088	0.093318	-0.083409	0.019275	-0.137482	0.065266	-0.164086	0.267297	-0.03598	0.074703	0.256012	0.022179	0.059682	-0.072836	0.050853	-0.150252	-0.076051	0.173339	-0.112937	-0.146895	0.160524	-0.031832	-0.082855	-0.064866	0.13219	0.114391	
0.033098	0.097979	0.093389	-0.111201	-0.009265	-0.218896	0.230688	0.105701	0.004849	0.163629	-0.007347	0.104732	0.284514	0.088447	0.026481	0.021024	0.037117	0.117088	-0.357616	0.340928	-0.068248	-0.009386	-0.140479	0.118352	-0.061671	-0.197472	0.092072	0.185412	-0.096709	0.026803	-0.013863	0.076489	-0.067291	0.074891	0.229163	-0.15338	0.228181	-0.154591	0.132445	0.136767	0.042946	0.05021	0.170262	0.066335	-0.080995	-0.160545	-0.120461	-0.076325	-0.198173	-0.023254	
0.384433	0.221797	-0.271252	-0.161631	0.110521	0.079864	0.163642	0.086226	-0.036071	0.26274	-0.056357	-0.126435	-0.15035	0.094839	0.000445	-0.062048	0.015722	-0.237463	-0.078846	0.11113	0.253081	0.030081	0.01185	0.108816	0.031163	0.095937	-0.096279	-0.033797	-0.026169	-0.061233	-0.118739	0.004028	0.210715	0.025789	-0.278115	0.128905	0.023342	-0.23495	-0.050775	0.078816	-0.085057	0.162516	-0.062906	0.12297	-0.004372	-0.123422	0.192066	0.106234	-0.037193	-0.114828	
0.069972	-0.020459	-0.122098	-0.084321	0.026432	-0.162587	-0.043394	-0.128089	0.026574	-0.061409	-0.028946	0.093328	-0.068583	-0.032111	0.209281	0.232835	0.074797	0.16558	-0.280435	-0.166914	-0.043001	0.00561	-0.166344	0.050317	-0.072329	0.279656	-0.246443	-0.08206	0.246495	0.180175	0.162302	0.028574	0.01528	0.039598	-0.024046	0.228667	-0.10204	-0.181829	0.018375	-0.229149	-0.221323	0.037904	0.1539	0.083228	-0.038491	-0.113784	-0.245129	-0.060379	-0.001836	0.237487	
-0.239788	0.143305	-0.038092	0.184741	0.025861	-0.034627	0.089369	0.040186	-0.083652	0.015192	0.032033	-0.068554	-0.192696	0.056698	-0.055737	0.065645	0.129657	-0.133493	0.145406	-0.120544	0.033521	0.098673	-0.056769	0.407704	-0.224538	0.068513	0.086074	0.004285	-0.089911	0.039537	0.147204	-0.056281	-0.008526	-0.251311	0.130348	0.263984	0.075114	0.047588	-0.018842	-0.027115	0.14005	0.022827	-0.018722	-0.30808	-0.149651	-0.290694	-0.053081	0.007616	-0.276779	-0.076695	
0.11606	0.100862	0.028557	0.151144	0.048951	-0.058955	-0.223203	0.134731	-0.11552	0.027148	0.064775	-0.153876	0.083779	0.058538	0.047001	-0.016331	0.024535	-0.020546	-0.061093	-0.037262	-0.184179	0.152666	0.120205	-0.275245	0.01411	0.055673	0.185062	0.07631	-0.25998	0.033813	0.282294	-0.031706	0.01124	0.178615	-0.134214	0.087287	-0.189677	-0.17585	0.008349	0.280842	-0.065269	-0.037325	0.129085	-0.272696	-0.078524	-0.233051	0.126584	-0.201621	0.156272	0.189306	
