0.010366	-0.101227	-0.25255	-0.188226	0.210498	0.061942	0.060004	-0.03616	0.071924	-0.059432	-0.201284	0.074724	-0.03861	0.202977	0.259027	0.011621	-0.04156	-0.089801	0.25125	0.186736	-0.160872	0.051472	-0.251147	0.005105	0.126344	0.025482	-0.204523	-0.010599	-0.123107	0.117032	-0.052675	-0.070925	0.027672	-0.048214	0.116192	0.106432	-0.056955	-0.079339	-0.196249	-0.146734	0.157884	0.13764	-0.176998	0.074067	0.035004	0.142105	0.300516	-0.166524	-0.089116	-0.228994	
-0.211596	-0.05547	-0.020803	-0.01687	0.024186	0.130421	0.07241	-0.219102	0.268318	0.13193	-0.018789	-0.190987	-0.136619	-0.178168	-0.144462	0.02018	0.089646	0.216107	0.035071	-0.040386	-0.015735	0.09993	0.102778	-0.010416	0.140773	-0.128058	-0.010968	-0.329181	-0.090792	0.278051	0.034191	0.12895	0.118484	0.02813	-0.148751	0.00414	0.027241	0.231821	0.048448	0.039763	-0.129591	0.030105	0.030018	0.196035	0.017939	-0.18231	-0.032872	-0.117399	-0.270141	-0.286891	
0.05564	-0.043303	-0.094901	0.184564	-0.261742	-0.205568	-0.045292	-0.013302	0.335168	-0.190952	0.128915	-0.100588	-0.153863	-0.216571	0.151893	-0.117622	0.14295	-0.036428	0.071992	-0.028047	0.074787	0.135514	0.059453	0.064767	0.205223	0.262236	0.108461	-0.092047	0.114181	0.063306	-0.0447	-0.228157	-0.012796	-0.237045	0.136476	0.15668	0.029494	-0.212683	0.078464	-0.195876	0.124748	0.025904	-0.061978	0.116245	0.063094	-0.065601	-0.110939	0.079936	0.196141	-0.07148	
-0.074995	0.305867	-0.061243	0.140511	-0.066824	-0.100993	-0.068481	0.169041	0.004298	-0.042839	0.191732	-0.183348	0.176787	0.04382	-0.061273	-0.129802	0.045356	0.27708	-0.105595	0.356599	0.153977	-0.06602	0.044107	0.024549	0.061919	0.024181	-0.109919	0.155221	-0.010819	-0.03725	-0.042849	0.138576	0.009709	0.015125	0.206362	-0.038503	0.121217	-0.078848	-0.141793	0.129683	-0.18023	0.445682	0.040206	-0.01494	0.042249	-0.011165	0.134529	-0.045086	-0.02953	-0.18547	
-0.154381	0.133065	0.060638	-0.007126	-0.203818	0.005413	-0.159041	-0.071906	0.187808	0.185486	-0.244168	0.278325	0.025473	0.126595	-0.382324	-0.156849	-0.005816	-0.126525	-0.09693	0.108453	-0.003678	0.055635	0.064548	-0.097833	0.059728	-0.016627	0.035395	0.015834	-0.251074	0.032443	0.152134	-0.032021	0.181338	-0.045183	0.298028	-0.093886	-0.072763	0.10762	-0.066768	-0.147553	0.120191	0.046336	-0.101376	0.036402	-0.066665	0.258006	-0.237386	-0.009583	0.095119	0.02164	
0.212931	0.029841	0.17643	0.007416	0.126318	-0.053397	-0.169645	0.086519	0.040184	0.182148	-0.006186	0.351429	0.100334	-0.117398	0.251907	0.052914	0.053926	-0.219979	-0.026839	-0.011395	0.307756	-0.078045	0.228625	-0.083718	0.004099	-0.100072	-0.089046	-0.080399	-0.022823	-0.236914	-0.036233	0.00774	-0.001468	-0.06205	-0.130066	0.114877	-0.198824	0.011764	0.053306	-0.101103	-0.058489	0.158322	0.086555	0.049071	0.153013	-0.061642	-0.131649	-0.179424	-0.098039	-0.3361	
0.075291	0.216728	-0.086941	-0.143389	0.252987	-0.077864	0.078441	-0.19088	-0.040869	0.096977	0.050213	0.104178	0.021582	-0.150864	-0.200733	-0.084053	-0.018391	0.079827	0.05041	-0.015784	0.094559	-0.013033	-0.118394	0.098582	-0.106886	0.08203	-0.089444	-0.052997	-0.024391	-0.03926	-0.170519	0.099555	-0.198759	-0.21341	0.253096	-0.080654	0.022429	-0.218616	0.312376	-0.016178	0.023104	-0.231977	-0.024663	-0.135937	-0.310619	0.001161	-0.028091	0.156013	-0.126695	-0.29372	
-0.149933	-0.207543	0.087165	0.250126	-0.054523	-0.069614	0.136164	0.039557	0.046897	0.075953	-0.205307	-0.136897	-0.053449	-0.098268	-0.109583	-0.037938	-0.227293	0.008816	0.211626	-0.141587	0.196658	0.044776	0.020886	0.023531	-0.325239	0.056518	-0.252795	0.114163	-0.021845	-0.094563	-0.089113	0.001981	0.057697	-0.291322	-0.245862	-0.199805	0.194163	0.06662	-0.131188	-0.193326	0.000813	0.134744	-0.062062	-0.193834	0.036311	0.110175	0.059193	0.044577	0.055314	-0.114639	
0.070564	0.075776	-0.01211	-0.241217	-0.085796	-0.165013	-0.030009	-0.157479	-0.316204	-0.093561	0.15009	-0.082649	0.090767	-0.178723	0.03371	-0.176904	0.224355	-0.112638	-0.105473	-0.130806	0.147865	0.261323	-0.125638	-0.067134	-0.042994	-0.215014	0.017557	-0.092187	-0.148639	0.084541	0.288557	0.061023	-0.054227	0.055237	-0.175255	0.007535	0.210111	-0.092284	-0.338765	-0.090078	0.098642	0.005434	-0.118989	-0.051802	0.020173	0.111512	-0.046818	0.088871	0.033581	-0.14888	
-0.007126	0.036495	0.174638	-0.232307	-0.046297	0.148011	0.052612	-0.016382	0.039167	-0.002765	0.004682	-0.226244	0.325105	-0.017642	0.043349	0.082215	-0.070771	0.113314	0.052036	-0.060181	0.238199	0.181999	0.016712	0.063126	0.054217	0.223877	-0.032438	-0.062004	-0.036453	0.066534	0.159899	-0.074067	0.119556	-0.211772	0.166724	0.096343	-0.367945	-0.040056	-0.157925	-0.119896	-0.097293	-0.111369	0.176562	-0.293389	0.044902	-0.015646	0.049983	-0.085902	-0.192604	0.213831	
0.277477	-0.092528	0.192239	-0.027048	0.145302	-0.111483	-0.139733	-0.187525	-0.087439	-0.18953	0.059479	-0.004906	-0.038603	-0.055687	-0.302729	0.03796	0.031158	-0.203041	0.114494	-0.039001	0.034688	0.160423	0.009982	-0.059602	-0.062304	0.235831	-0.032767	0.068865	-0.299601	-0.037312	-0.147282	-0.000656	0.077427	-0.096913	0.088507	0.074483	0.063059	0.154114	-0.068089	0.149091	-0.173213	0.11004	0.02195	0.301964	-0.106615	-0.216469	0.237571	-0.121448	0.100532	0.146579	
-0.07592	0.081342	0.084189	-0.244082	-0.210508	-0.163804	0.073083	-0.330574	-0.042586	0.048398	-0.04623	0.046899	0.005185	0.003627	0.168845	-0.044629	-0.045639	-0.090393	0.059669	0.010739	-0.249592	0.024753	0.097052	-0.220928	-0.279883	0.133896	0.030548	0.060222	0.310697	0.179914	-0.122965	-0.131858	-0.044476	0.055123	0.033323	-0.294516	-0.235334	-0.043518	-0.103196	0.0685	-0.150836	0.241913	0.124299	0.07099	-0.036633	-0.079541	-0.065962	0.077291	0.008028	-0.116423	
-0.150099	-0.027288	-0.024038	-0.026648	0.248471	-0.198395	0.131759	-0.09671	0.017725	0.071083	0.063286	-0.119043	0.176551	0.282298	-0.222749	0.061847	0.073285	-0.163897	-0.081911	-0.281864	0.179283	-0.089866	-0.108402	0.045393	0.206115	-0.060451	0.156363	0.050114	0.014022	-0.001798	-0.116077	-0.299287	0.070697	0.13128	-0.030508	-0.025499	-0.054505	0.025803	0.146234	-0.122911	0.121083	0.310921	-0.02434	-0.040788	0.163828	-0.123382	0.065045	0.280062	-0.090563	-0.023512	
0.226976	0.095554	-0.168909	-0.157098	0.104819	-0.163297	0.292329	-0.013305	0.273611	-0.006742	-0.056503	-0.127609	-0.272023	0.096419	-0.130597	0.095696	-0.004196	0.042819	-0.157125	0.064537	0.170239	0.229342	0.098185	-0.158455	-0.028862	-0.0687	-0.026732	0.203665	-0.012838	-0.042111	-0.246294	0.115078	0.058729	0.207263	-0.044419	0.026588	-0.079223	-0.045421	-0.155509	0.043566	0.123534	-0.16788	0.20193	-0.147163	0.144438	0.025351	-0.127546	-0.159679	0.186416	-0.030619	
0.034191	-0.082174	0.204538	-0.183915	-0.000252	0.185541	0.05888	-0.012019	0.049818	-0.058427	0.171037	-0.116231	0.141209	0.070986	-0.088037	-0.109435	0.00586	-0.335906	-0.06771	0.191543	0.02723	-0.004471	0.082844	0.188376	0.079995	0.087416	-0.001372	0.144262	0.302254	0.157398	-0.262457	0.107295	0.108998	0.027774	-0.12875	0.034968	0.196658	-0.000965	0.057068	-0.091634	-0.093262	-0.038717	-0.365581	-0.043206	-0.071314	0.124584	-0.219493	-0.217396	-0.117166	-0.0109	
-0.165002	0.013736	-0.068854	-0.012192	0.063791	0.123266	0.074431	-0.148884	-0.110361	-0.213647	0.258937	0.01484	-0.138676	0.032724	-0.089813	0.092151	-0.027058	-0.001685	-0.12214	0.044892	0.121341	-0.113515	-0.056535	0.164244	-0.305608	0.165566	-0.182506	-0.279896	0.033226	-0.071486	0.166792	0.136531	-0.048435	0.080676	0.075564	-0.111563	-0.215591	0.04365	0.123853	-0.125823	0.282575	0.17862	-0.105769	0.059496	0.185915	-0.077274	-0.095261	-0.262787	0.206902	0.06055	
-0.235827	-0.206592	-0.139118	-0.319287	-0.145156	-0.112047	-0.003749	0.140929	-0.060724	-0.132886	0.084741	0.191061	-0.096346	0.008631	-0.186938	0.126677	0.275982	0.031355	0.107028	0.148061	-0.101711	0.086648	0.327765	0.372768	-0.073197	-0.099808	0.023855	0.154925	0.019804	-0.180641	0.033469	-0.090246	0.043796	-0.132635	-0.076889	0.11608	-0.108072	0.115965	-0.025674	0.07438	0.04485	0.003852	0.065391	-0.128776	-0.095764	-0.063059	0.106888	0.091195	-0.032106	-0.132519	
-0.152712	0.085955	0.115392	-0.061338	0.107821	-0.157943	-0.018469	0.047404	-0.037129	0.166227	-0.091249	-0.074942	-0.122207	0.083388	0.112032	-0.213312	0.173403	-0.236274	0.008431	0.276261	0.086786	0.002119	-0.044443	0.04748	-0.000598	0.104648	0.121346	-0.024808	0.023066	0.177249	-0.009008	0.33529	-0.187458	-0.271935	-0.052157	-0.033297	-0.019754	0.231104	0.114737	0.012383	0.066541	-0.131648	0.17926	0.051002	0.349781	0.043849	0.183477	0.179023	0.035055	0.132761	
0.12345	-0.033493	-0.09056	-0.015472	-0.108056	0.112206	0.296135	0.057023	0.014912	0.171537	-0.136566	0.16232	-0.030636	0.12194	0.187244	0.089011	0.066012	-0.067154	-0.106572	0.066861	0.111384	0.1484	-0.017455	0.352497	0.019275	0.174792	0.044096	-0.202502	-0.160529	-0.125926	-0.074535	0.067196	-0.079475	0.043057	0.0597	-0.240178	0.242382	-0.06127	-0.215522	-0.017019	-0.045527	0.150182	0.06681	0.129754	-0.114036	-0.228465	-0.197317	0.15839	-0.169715	0.186218	
0.230115	-0.155227	0.092186	0.075118	0.229964	-0.045603	-0.089551	-0.131381	-0.206688	-0.031246	-0.030042	0.090574	-0.169834	0.097987	-0.046472	-0.109853	-0.192787	0.261925	-0.11939	0.178409	-0.007059	0.058847	0.348601	-0.030246	-0.033607	0.067767	0.314012	-0.214805	0.155796	0.081567	0.030141	-0.207826	-0.000814	-0.039648	0.12152	-0.018068	0.218053	0.059676	-0.092391	-0.080381	0.174225	0.050013	-0.002872	-0.200742	0.103261	0.073139	0.091436	-0.050134	-0.191358	-0.018883	
-0.101553	-0.050215	-0.042539	-0.01209	-0.153083	0.199678	-0.018027	-0.257544	-0.253145	0.071737	0.016502	0.230066	-0.087706	-0.306052	0.000789	0.046662	0.049418	0.067366	0.127799	0.121295	0.08713	-0.016134	-0.045844	-0.05173	0.138952	-0.035481	-0.11701	0.28856	-0.040413	0.064787	-0.165919	0.020421	0.176897	0.208169	0.138968	0.028231	0.184646	-0.092822	0.131083	-0.30748	-0.026513	-0.025204	0.149017	-0.097213	0.307552	-0.161233	0.059887	0.04235	-0.038231	0.133159	
0.019488	-0.287178	-0.06765	-0.059428	0.080983	0.178553	-0.000103	0.003452	0.215071	0.043403	-0.007711	-0.043156	0.21664	-0.060548	0.011844	-0.026355	0.286787	-0.075503	-0.187142	-0.252562	-0.033253	-0.160123	0.098187	-0.098692	-0.116293	0.176024	-0.012026	0.095743	0.212889	-0.143791	0.158263	0.14204	0.084132	0.061555	0.327724	-0.147931	0.241519	0.028455	-0.112707	0.017516	0.091304	-0.134508	0.168902	0.106187	0.071184	0.074623	0.220262	-0.004748	0.02251	-0.181528	
0.038099	0.024814	-0.116086	-0.195364	0.01397	0.020212	-0.17046	0.355933	-0.021805	-0.198625	-0.224182	0.008224	0.041389	0.063627	0.077741	-0.184807	-0.082746	0.087974	-0.125865	-0.152555	0.061787	0.151248	0.263106	-0.085069	-0.11683	0.069609	-0.069462	0.074301	-0.147411	0.240276	0.009286	0.114292	0.161847	0.079034	-0.052375	-0.219071	-0.050847	-0.156365	0.273989	-0.066817	0.03512	-0.028571	-0.25345	0.062839	0.074351	-0.297824	0.085373	0.112012	-0.037076	-0.002056	
-0.159166	-0.177563	0.21077	0.14555	0.105772	0.006743	-0.043079	-0.010289	0.138457	0.087835	0.008581	-0.011978	0.03228	-0.138032	0.095619	0.192295	-0.107968	-0.034415	-0.054532	0.250071	0.177884	0.419096	-0.071677	-0.081464	-0.032981	-0.097001	0.023838	0.243159	0.136856	-0.019451	0.189953	-0.00655	-0.278875	0.217754	0.159997	-0.015103	-0.09079	0.103301	0.024983	0.03223	0.170837	-0.012527	-0.227201	0.043164	-0.191139	-0.186938	0.082104	0.118761	-0.01917	-0.032755	
0.115274	0.10985	0.147908	-0.089281	-0.179968	-0.139286	0.256928	-0.078356	-0.071473	0.112869	0.16368	0.068758	-0.255907	0.088501	0.122035	0.07121	-0.167214	0.008996	-0.114506	-0.140962	0.007729	0.059255	0.021533	-0.014879	0.281291	-0.106385	-0.236296	0.063806	0.15194	-0.155575	0.223543	0.049301	0.305156	-0.251219	0.127995	-0.126117	0.049978	0.073876	0.144413	0.212208	0.028255	-0.022985	-0.216078	0.066724	0.068085	0.027619	0.192659	0.011439	-0.070892	0.019564	
