0.123961	0.106436	0.143066	0.030515	-0.105499	-0.218253	0.03859	-0.060099	-0.118451	-0.050563	0.143307	0.176187	-0.33816	0.067974	0.171194	-0.299703	-0.180707	-0.038402	0.187792	0.074643	0.043705	0.202543	0.085182	0.085749	-0.199731	0.056978	-0.04345	-0.083366	0.063472	-0.184762	0.138141	-0.097639	0.193595	0.005858	-0.18639	0.187077	-0.063502	0.01823	-0.246957	0.040744	-0.090875	0.292074	-0.032691	0.093375	0.053866	0.036067	0.000401	-0.036643	-0.041824	-0.213521	
0.058806	0.010296	-0.090297	-0.053242	0.052474	-0.079116	0.020942	-0.005002	0.063969	-0.207091	-0.024263	-0.174009	-0.175169	0.092758	0.022182	0.116771	-0.162723	-0.034693	-0.076043	-0.224211	-0.062812	-0.139024	0.094756	0.012864	0.043012	0.041677	0.164527	-0.144208	0.175861	-0.173341	0.127846	0.039925	0.037957	-0.232873	0.13345	-0.15443	-0.09128	0.221976	-0.08063	-0.348441	0.161934	-0.016789	0.134025	0.186162	0.305979	0.292214	0.042529	0.195748	-0.044244	0.122986	
-0.184874	-0.167468	-0.069888	-0.055358	-0.108504	-0.138292	-0.089308	0.084402	-0.179057	0.071021	0.101952	-0.133416	0.189223	-0.142733	0.138674	-0.110901	-0.094075	-0.01582	-0.056081	-0.066494	0.116019	-0.032927	0.003439	-0.127197	-0.070693	-0.077624	0.403535	-0.165681	-0.139434	-0.054878	-0.025809	0.116566	-0.104497	0.240674	0.09794	0.054466	0.013116	0.055424	0.218075	0.057989	-0.238056	0.319356	0.051461	0.016034	0.326173	-0.03481	-0.190294	-0.034136	0.047271	0.03252	
-0.082275	-0.172678	0.219389	0.158422	-0.10781	0.299938	-0.167103	0.103043	-0.139361	-0.191223	0.073667	-0.14732	-0.019332	-0.123216	0.086901	0.059775	0.040758	-0.032997	0.027368	-0.189184	0.103828	-0.034434	-0.142841	-0.113079	0.043044	0.114028	0.046245	-0.043519	-0.243346	0.221219	0.172372	-0.168194	0.301432	0.027638	-0.065287	0.043824	-0.043801	0.045481	-0.119235	-0.145961	-0.030844	-0.127779	0.072183	-0.091016	0.009551	0.208495	0.165308	-0.320076	0.081987	-0.1504	
0.086724	-0.092371	-0.014154	0.005887	-0.308164	-0.183753	0.08774	0.075952	0.03966	0.017982	-0.007341	-0.050958	-0.010891	0.068658	0.128492	0.278889	0.0514	-0.053939	0.181472	0.184144	-0.097487	-0.219676	0.115639	-0.013595	-0.157296	0.130922	-0.188447	0.009771	0.217074	0.244674	-0.327778	-0.108387	0.149585	0.259585	0.250914	0.041001	-0.05063	0.182505	-0.116996	0.068855	-0.027928	-0.003114	-0.073821	-0.068663	0.208298	0.007792	0.095869	-0.069808	0.058801	0.099237	
-0.22158	-0.019175	-0.186074	-0.118515	0.029117	-0.319908	-0.179866	0.043499	-0.06329	0.227673	-0.229517	0.080485	-0.001149	-0.003402	-0.116104	0.099977	0.253203	0.212781	0.285127	0.020249	-0.090099	0.000808	-0.192533	-0.113776	0.071228	0.168536	0.050771	-0.097519	-0.021269	0.017001	0.00614	-0.027182	0.097244	-0.203573	-0.171434	-0.206772	-0.089711	0.113695	-0.021588	0.164766	-0.084726	0.122522	0.136705	0.210916	-0.106033	0.188152	0.114742	-0.085826	0.049069	-0.0553	
0.18598	0.081116	-0.046507	-0.195361	0.024511	0.133587	-0.045498	-0.079037	-0.136975	0.059016	-0.192475	0.141435	-0.128412	-0.027408	0.034258	-0.115789	-0.044739	-0.243195	-0.085255	0.138807	-0.122457	-0.065863	-0.131353	-0.116347	-0.020539	-0.018172	0.160546	0.280236	-0.077141	0.00469	-0.045672	-0.226817	0.10481	0.258533	-0.074312	-0.214023	0.146724	-0.159671	0.091486	0.145369	0.327934	0.138845	0.188772	-0.066125	0.145328	0.266483	0.049926	0.035147	-0.029472	0.09498	
-0.04562	-0.387888	-0.168647	-0.020835	0.045917	0.264937	-0.207858	0.011063	0.032738	0.171716	0.063943	-0.002295	-0.211464	-0.135113	0.028683	0.226195	-0.144493	-0.245651	0.014107	-0.007828	-0.074178	-0.222598	0.11623	-0.082201	-0.184293	0.020986	-0.068448	-0.079947	0.139637	-0.014453	0.15066	0.116237	-0.254866	-0.069735	-0.173939	0.107678	-0.152242	-0.046746	-0.194539	0.24305	0.102459	0.095704	0.114614	-0.028376	-0.104944	-0.072322	-0.042223	0.062672	0.011208	-0.074295	
-0.087439	0.124943	0.005862	0.047547	0.10304	0.177013	0.18938	-0.180814	-0.187415	0.092839	0.10255	-0.091593	0.308404	0.145574	-0.069276	0.096596	0.030077	-0.184079	0.089386	-0.104873	0.003386	-0.111579	-0.163767	0.285858	-0.174777	0.161091	-0.01456	-0.205281	0.195586	-0.128794	0.182849	-0.130583	0.05829	0.006093	-0.036529	0.022932	0.052112	-0.189471	0.093266	0.148568	-0.186103	0.091002	-0.047469	-0.026638	0.075267	0.05557	0.359233	0.099331	-0.000594	0.153867	
-0.05592	-0.153371	0.031361	0.20359	-0.203723	-0.200747	-0.082071	-0.102395	-0.338058	0.01639	-0.13825	0.037141	-0.01907	0.017482	0.162798	-0.199675	-0.153313	-0.226895	-0.221861	0.114697	-0.032171	-0.073508	-0.099472	0.054716	0.19603	0.132463	-0.020977	-0.021133	0.00646	0.130824	-0.199048	0.165006	-0.035686	-0.213908	0.041798	0.153333	-0.074811	0.020594	0.129418	-0.118273	-0.025403	0.005661	0.070926	-0.082942	-0.302259	0.076244	0.206765	0.171974	-0.16221	0.121682	
-0.150087	-0.142734	-0.021104	0.066652	-0.101803	-0.143622	0.170809	0.177755	-0.255669	-0.017571	0.105674	-0.171629	-0.152461	-0.033181	-0.118489	0.172582	0.179035	0.035762	-0.238199	0.157953	0.087343	0.275081	0.134174	0.031378	-0.023851	0.160499	-0.166769	0.109331	0.063555	-0.170116	0.092651	0.109532	0.0888	-0.121996	0.007725	-0.077485	-0.034056	-0.317905	0.098469	0.065367	0.148021	0.022839	-0.052875	-0.165893	0.102	0.201319	-0.163324	-0.014222	0.26697	0.046524	
-0.114307	-0.226525	0.155404	-0.028091	0.0872	-0.14291	-0.041166	-0.080154	-0.020035	0.048357	0.102493	-0.093123	-0.109172	0.072853	0.188427	-0.190349	0.146925	0.181142	0.268125	-0.120384	4.9e-05	-0.157086	0.133085	0.254271	0.031435	-0.092569	-0.150197	0.228175	0.084158	0.178564	0.137747	-0.027605	-0.075637	0.079839	-0.055073	-0.213879	-0.051896	-0.223869	0.142443	-0.18151	-0.025081	-0.013001	0.370777	-0.128155	0.108085	-0.155278	0.009657	0.062584	-0.103257	0.029383	
0.020031	-0.063346	-0.020469	-0.095144	-0.003393	0.002435	0.085953	0.253286	-0.014931	-0.110008	-0.229765	0.03023	0.292372	0.158285	0.177132	-0.018216	-0.14989	-0.094524	0.243499	-0.063664	-0.020291	0.023215	0.102252	-0.161981	-0.175832	-0.368677	-0.249557	-0.239719	-0.161963	-0.075095	-0.082007	-0.00811	0.033419	-0.163141	0.068779	-0.126951	-0.157763	-0.26228	0.054171	-0.042985	0.07216	0.077283	-0.053308	-0.143486	-0.094637	0.200097	-0.033636	-0.017032	-0.105016	-0.0745	
-0.077472	-0.053582	0.047835	0.028617	0.02842	-0.308091	-0.030865	-0.054659	0.011476	0.057383	0.202711	-0.032152	0.090505	0.009101	0.014868	0.056542	-0.017329	-0.05389	-0.028669	0.112949	0.112459	-0.372009	-0.20249	-0.22885	-0.064573	-0.042369	-0.046779	0.051559	0.149005	-0.23292	0.08449	0.037731	0.006494	-0.02666	-0.162582	-0.017383	0.316609	-0.070818	0.008826	-0.202071	0.224708	-0.059282	-0.226001	-0.01185	-0.016242	-0.034623	-0.027035	-0.340561	-0.273398	-0.047792	
0.063209	-0.088129	0.194011	-0.109951	-0.035983	-0.038581	-0.015811	0.224702	-0.048939	-0.009579	0.017544	0.263173	0.260419	0.024135	-0.059228	0.220218	-0.111997	-0.00055	-0.096801	0.101056	-0.002374	-0.104293	-0.130165	0.360005	-0.035509	0.164079	0.085593	0.137378	-0.092614	-0.245115	0.124169	0.016152	0.119742	0.045485	0.085083	-0.207308	-0.14701	0.270674	-0.062514	-0.039016	0.011858	0.066534	0.139155	-0.231491	-0.136395	-0.102108	-0.180861	0.091954	-0.088094	-0.20456	
-0.082851	0.159433	-0.094916	0.363314	0.095656	0.138386	-0.228885	0.189664	-0.29383	0.13741	0.168499	-0.03704	0.109155	-0.105525	-0.15509	0.107476	-0.026092	-0.006867	0.163244	0.003631	-0.109753	0.141968	0.127437	-0.098178	-0.005684	0.007758	-0.035775	0.15888	0.080251	-0.096533	-0.294311	-0.147017	-0.029277	0.058057	0.028126	-0.050948	0.107246	-0.077623	-0.139815	-0.237226	-0.043219	0.029266	0.072425	0.119327	0.069206	0.006372	-0.037056	0.236614	-0.237732	-0.196101	
-0.046148	-0.018226	0.452332	-0.148618	-0.114082	-0.004712	-0.105568	0.175887	-0.038194	-0.224039	0.016743	0.276021	-0.088938	-0.279335	-0.072867	0.048006	0.058739	-0.025912	0.110867	0.031811	-0.035953	0.037784	0.015831	-0.209017	-0.022715	0.082356	0.077392	-0.142086	0.18088	-0.087447	-0.001806	-0.278171	-0.194203	-0.179646	0.05707	-0.015033	-0.035968	-0.076374	0.278941	0.046876	0.03688	-0.099363	-0.054927	0.071896	0.076948	-0.211166	0.130596	0.120427	-0.001132	0.12906	
-0.057279	0.185507	0.082952	-0.210995	-0.028629	0.008621	0.029011	-0.141277	-0.137391	0.030882	-0.263632	0.058754	0.071539	-0.112203	0.080854	0.079236	-0.031554	0.22979	0.068366	-0.092047	0.096	-0.067382	0.198844	0.022949	-0.195248	0.19461	0.12053	-0.116344	0.122679	-0.051081	-0.097977	0.214034	-0.04989	0.098306	-0.002977	0.328339	0.216437	-0.110119	0.011429	-0.051377	0.123063	-0.289956	0.257361	-0.112664	-0.053317	0.165634	-0.043543	0.008818	0.049558	-0.271008	
-0.370187	0.189667	-0.061815	-0.029739	-0.06388	-0.089128	-0.071483	-0.0445	0.295515	-0.075189	0.170472	0.161867	-0.065096	0.074308	0.014191	0.010405	-0.217533	-0.149699	-0.138501	-0.000594	0.175073	-0.037459	0.079522	0.029356	-0.203264	0.172577	0.108316	0.078686	-0.179959	0.162315	-0.142182	-0.021879	-0.044054	-0.201188	0.232797	-0.271388	0.124378	-0.277263	-0.171509	0.045445	-0.100079	0.013044	0.111772	0.016797	-0.023364	-0.031773	0.12289	-0.062366	0.064658	-0.080476	
-0.011422	0.197512	-0.002481	-0.296569	-0.028853	-0.161145	-0.445539	0.028726	-0.151316	-0.052483	0.110303	-0.114453	0.065741	0.001538	0.164754	0.163011	-0.067305	0.014145	-0.014153	-0.159454	-0.009105	0.118771	-0.17833	0.101179	0.034409	-0.192344	-0.130191	0.165329	-0.007539	0.170263	0.127565	0.188712	0.06289	-0.018073	0.045409	0.095342	0.02819	-0.012738	-0.045405	0.120029	0.197134	0.009506	-0.26583	-0.010543	0.121953	-0.1013	0.189544	0.246393	0.104711	-0.111847	
0.008555	0.006059	-0.12778	-0.024168	0.057989	-0.173548	0.138571	-0.031903	0.046299	0.027261	0.214878	-0.103625	0.258514	-0.298282	0.061146	-0.238218	-0.078868	-0.148279	0.151953	0.046885	0.160257	0.09129	-0.166723	-0.119464	0.257439	-0.048192	-0.000554	-0.060041	0.252597	-0.023192	0.068052	-0.199946	0.002735	-0.001952	0.212193	0.007598	-0.091265	0.02337	-0.264144	0.128064	0.165703	-0.176922	0.247929	-0.111159	-0.105679	0.024572	-0.06882	0.078731	0.213492	-0.038005	
0.049353	0.131049	-0.024297	-0.110891	-0.06795	-0.106693	0.26492	-0.013572	-0.049823	0.038386	0.108043	-0.076384	0.00534	-0.070672	-0.251398	0.166869	-0.258021	-0.059253	-0.018635	0.06698	-0.3354	-0.017751	0.051903	-0.26395	-0.01091	-0.170738	-0.059947	0.199586	-0.069502	0.138572	0.232139	0.059501	0.187468	-0.190713	-0.001607	0.180354	0.036383	0.039381	0.196783	0.003293	-0.240296	-0.006619	0.320779	-0.037422	0.04055	-0.122391	0.087209	-0.058895	-0.041004	-0.1106	
0.02013	0.163966	0.13355	0.005668	0.097445	0.028928	-0.140837	-0.155453	-0.054272	0.085215	0.237167	-0.195171	-0.01563	0.012659	0.08833	-0.142692	0.330443	-0.206329	-0.008668	0.209103	-0.240625	0.150406	0.02327	0.02534	-0.373892	-0.044563	0.028208	-0.173174	-0.124619	-0.022839	-0.045141	0.153409	-0.061387	-0.126591	0.148278	-0.14413	-0.110656	0.272801	0.107479	0.074146	0.135989	-0.199896	0.11843	-0.058374	-0.002294	0.032375	-0.034304	-0.140168	-0.09975	-0.044225	
0.20289	-0.020046	0.003538	0.147856	0.180539	-0.114049	0.166098	0.187497	-0.09741	-0.052449	-0.021779	-0.018373	-0.078842	0.01719	-0.094177	-0.153503	0.121451	-0.071299	0.249534	-0.109091	-0.249788	-0.259583	-0.04843	0.036029	-0.01316	0.150167	0.194572	0.10937	-0.197171	0.051069	0.019422	0.076993	-0.277785	-0.141729	0.202285	0.08442	0.14493	-0.048819	-0.063339	-0.055702	0.096938	0.150313	-0.198311	-0.140306	-0.007152	-0.025961	0.090899	0.001613	0.33295	-0.204483	
-0.226287	-0.071394	-0.187896	-0.121881	0.073629	0.062291	0.074489	-0.002023	0.028438	-0.403018	-0.198048	-0.078565	-0.008469	-0.174929	-0.183659	-0.025369	0.092893	-0.112888	0.188997	0.236612	0.044115	0.152579	-0.039387	0.181465	0.107137	0.031922	0.019953	0.080441	-0.045666	-0.079733	-0.019758	0.186797	-0.051382	0.059537	0.091713	0.172134	-0.093842	-0.023418	-0.122641	-0.006139	0.120027	0.119375	0.039422	-0.030733	0.185483	-0.13463	0.223507	-0.195812	-0.357687	-0.023443	
