-0.184897	0.123607	-0.086176	-0.131646	0.024142	0.053299	0.046971	-0.023403	0.14958	-0.034925	-0.072353	-0.109268	-0.05538	0.234246	-0.062443	0.003632	-0.003606	0.174229	-0.02148	0.015643	-0.070156	0.135201	0.013121	-0.443652	-0.051835	-0.225426	0.048334	0.003518	-0.011692	-0.232474	-0.211357	0.130242	-0.100073	-0.146928	0.028761	-0.078587	-0.049567	-0.090469	-0.224872	-0.076812	-0.039713	0.014121	-0.163421	0.060675	-0.277748	0.246311	0.115422	0.22835	0.201463	-0.110867	
-0.228448	-0.008634	-0.188801	-0.088969	0.029138	0.12841	-0.095634	0.088766	0.01212	0.275889	0.114593	0.070812	0.120122	0.049282	-0.197825	-0.047286	0.003769	0.085419	-0.211714	0.0137	-0.057489	0.002641	0.179397	-0.017897	-0.132923	-0.03343	0.029455	0.106231	0.087714	-0.011743	-0.099088	-0.115738	0.044619	0.087404	-0.353501	-0.143295	0.190412	0.176238	-0.106717	0.159595	-0.045214	-0.039101	0.02017	0.444108	0.195018	-0.235752	0.07449	-0.028835	-0.060666	-0.053569	
0.093396	-0.058995	0.205986	0.156347	0.026518	-0.143494	0.09134	0.053245	0.041234	0.036428	0.127887	0.009729	0.182576	-0.345745	0.170678	-0.18274	0.248808	0.072824	0.133312	-0.102575	0.154071	-0.070141	0.197607	-0.231145	0.043838	-0.298976	-0.085975	0.004355	-0.038911	-0.001436	-0.160586	0.137629	0.073011	-0.072844	-0.124737	-0.055431	0.068555	0.159465	-0.064541	0.22486	-0.187752	0.027308	-0.10857	-0.03868	0.055546	0.177885	-0.112003	0.042695	-0.209743	0.188362	
0.006872	-0.016105	-0.044856	-0.115528	0.247524	-0.064677	-0.064225	-0.15354	0.168136	0.221081	-0.141554	0.048656	0.2362	-0.109804	-0.177766	-0.013583	-0.076744	-0.107737	0.000908	-0.075608	-0.271624	-0.045662	0.019508	-0.201507	0.02387	0.249114	-0.07403	-0.023992	-0.198063	0.337888	-0.011412	-0.164214	-0.083452	-0.091644	0.127853	-0.054056	0.10379	-0.176902	-0.03431	0.231298	0.160698	-0.216733	-0.104561	-0.039117	-0.052049	0.191114	-0.197394	-0.037468	0.0135	0.079628	
-0.063902	0.261858	-0.02826	0.041186	-0.068078	-0.0706	-0.111275	-0.198218	0.126692	0.126463	0.080316	0.010708	-0.078028	0.141253	0.258665	0.19781	-0.001303	-0.158343	0.090041	-0.046125	-0.056348	-0.392169	-0.017428	-0.053722	0.056872	-0.07843	0.165959	-0.23173	0.01578	-0.198666	-0.094467	0.020697	0.118841	0.154837	0.156398	-0.043639	0.072624	-0.200728	-0.006087	0.11219	0.033585	0.011842	-0.163453	0.041737	0.299431	-0.132276	-0.178622	0.161581	-0.128483	-0.153788	
0.041225	0.044937	0.084721	-0.228806	0.177053	-0.04124	0.061636	-0.094163	-0.198834	0.052347	-0.007427	0.005847	0.297788	0.285347	0.086799	0.045554	-0.122258	-0.066883	0.192222	0.010302	0.163999	0.155517	-0.137408	-0.170268	0.127387	0.088837	-0.152476	-0.113987	0.079251	0.031451	-0.09066	0.071163	0.212274	0.130023	-0.084223	-0.059709	0.243618	0.117971	0.282525	-0.240903	-0.016784	0.145154	0.066371	0.136422	0.0823	0.064149	-0.100724	0.11147	0.142425	0.225303	
0.00273	-0.142639	0.166613	-0.031115	-0.018961	-0.197851	-0.036262	-0.188658	-0.205473	-0.002919	-0.419863	0.130475	-0.161119	-0.123125	0.101512	0.181914	-0.047314	-0.143561	-0.008755	-0.035615	0.149247	0.118901	0.216076	-0.147682	-0.050041	-0.084006	0.082108	0.008184	-0.337303	0.084279	-0.073907	-0.13537	0.17586	0.132345	-0.172429	0.058617	-0.091212	-0.105884	-0.042902	-0.018887	-0.05332	-0.124836	0.166273	0.121135	-0.049082	-0.114657	0.183565	0.170215	-0.00412	-0.148289	
-0.095182	0.10422	-0.015684	0.20333	0.143955	-0.10735	-0.049311	0.029956	0.069857	0.209069	-0.206852	-0.106594	-0.209645	0.043921	0.15704	-0.373992	-0.138917	0.014247	0.149977	-0.065064	0.216579	-0.061626	-0.094863	-0.126899	0.237115	0.085673	-0.027888	0.13822	0.019368	-0.107196	0.085008	-0.13807	-0.252994	0.00886	-0.073819	-0.290181	0.049766	0.07657	0.241021	0.17585	0.101884	0.105458	0.100718	-0.044924	-0.108284	-0.096637	0.114625	-0.054808	0.015709	-0.154646	
0.317541	0.127589	-0.138275	-0.210615	0.070179	0.143424	0.172285	0.239918	-0.057776	-0.077105	0.041211	-0.123993	-0.15167	0.000111	0.102121	-0.013858	-0.086555	0.191116	-0.152177	0.001326	-0.035217	-0.141258	0.236377	-0.202795	0.277047	0.156576	-0.004654	0.232082	-0.086928	0.08727	0.044619	0.03355	0.18153	0.082462	-0.056805	0.186993	0.00781	-0.077681	0.106752	0.052385	0.09752	0.008282	-0.121558	-0.044561	0.270052	0.159767	0.224276	0.023281	-0.041447	-0.111089	
0.057162	-0.148155	-0.148864	-0.024761	-0.016514	0.085989	0.098402	0.055896	0.151828	-0.193229	0.09881	0.005392	0.059249	0.099119	-0.081337	0.037617	-0.154274	-0.223987	-0.02136	-0.302121	0.288778	0.004665	0.088473	0.055879	-0.10268	0.044489	0.263516	0.195061	-0.098479	-0.091035	-0.114003	0.020399	0.165452	-0.137055	0.225548	-0.380265	0.121555	-0.2191	0.105788	0.027058	-0.190338	-0.07691	0.098221	0.031905	-0.0188	0.071068	0.096638	-0.149306	-0.110198	0.100927	
-0.105465	0.189436	-0.436422	-0.020896	0.060514	0.001983	0.190168	0.036347	-0.037061	-0.027337	-0.346604	-0.009753	-0.114749	-0.046465	0.158501	0.052122	0.144515	0.00228	-0.028616	-0.259108	-0.082835	-0.203666	-0.013588	0.063553	-0.106503	0.023739	-0.21903	-0.05136	0.053143	0.007755	-0.096891	-0.015783	-0.110554	0.197304	0.008917	0.01337	0.041334	0.134411	-0.053304	-0.144543	-0.22114	-0.185436	0.018507	-0.100033	-0.049604	-0.03931	0.082552	-0.020123	-0.035041	0.371433	
0.058712	0.006997	-0.126787	0.030047	-0.222442	-0.19062	-0.318151	-0.110752	-0.053794	0.034284	0.062964	-0.263293	0.015773	0.077709	-0.173967	-0.049038	-0.003776	0.15921	0.057733	0.065082	0.124728	0.050225	0.054479	-0.126052	-0.105575	0.049019	0.008738	-0.109683	-0.051222	-0.211249	0.032774	-0.066016	0.251641	0.090852	-0.044912	0.008957	-0.122337	0.092975	0.085314	0.203235	-0.005566	-0.321499	-0.057078	-0.263664	0.117352	-0.012374	0.072478	-0.19773	0.303705	0.20774	
-0.142783	0.131407	-0.031605	0.003684	0.26886	-0.083737	-0.259398	0.299091	0.156137	-0.074474	-0.06119	-0.050278	-0.039869	0.055348	-0.052775	-0.091365	0.29574	-0.157082	-0.198498	0.250543	0.23758	-0.100246	0.079475	0.031824	0.040202	-0.178546	0.057424	-0.05638	-0.054786	0.320424	0.20363	0.074301	0.227619	0.112192	0.150148	-0.171848	-0.060458	-0.015967	-0.068752	-0.12813	0.103354	0.059146	-0.010343	0.006605	-0.03798	-0.01014	0.000902	0.09567	0.116609	0.111319	
-0.447664	0.010783	0.107178	-0.083921	-0.197614	-0.198568	0.101367	0.145327	-0.007311	-0.091809	-0.172865	0.206279	0.209234	0.059874	0.12304	-0.142517	0.129812	0.136176	0.106902	0.012017	-0.264656	0.048294	0.237599	0.0165	0.061718	0.150671	0.146541	0.096103	-0.037069	-0.123556	0.248404	0.274667	0.001196	-0.055397	0.124413	-0.006579	0.027472	-0.05996	0.162931	0.000523	-0.001035	-0.125735	0.139816	0.010987	0.175485	0.027962	0.002924	-0.034352	0.049886	-0.006841	
0.143444	-0.11555	-0.229164	-0.317583	0.116753	-0.232395	0.031046	0.065265	0.030753	-0.038171	-0.058643	0.154429	-0.020995	-0.097076	-0.14707	-0.079453	-0.091641	0.030131	0.114794	0.091102	-0.025787	0.022518	-0.022092	0.198241	0.148487	0.081009	0.312271	-0.261683	-0.13838	-0.097155	0.026228	0.158004	-0.021357	0.026498	-0.020855	0.032593	0.134615	0.176169	-0.057231	0.232768	-0.19996	0.229838	-0.226638	-0.098372	-0.175033	-0.179987	0.067183	0.143391	0.021946	-0.006672	
-0.067366	0.118472	0.068328	-0.05732	0.207776	-0.197272	0.038622	-0.148939	0.090167	-0.090281	0.282804	-0.108229	-0.04257	0.267214	0.061467	-0.006705	-0.143771	-0.114064	-0.013061	-0.014711	0.050638	-0.045593	0.120221	0.164045	0.111488	-0.229257	-0.178764	0.052359	-0.245687	0.143357	0.126155	0.04312	-0.257503	-0.180257	-0.049869	0.235882	0.081297	0.070605	0.006377	0.009492	-0.339095	-0.258163	0.010228	0.062852	0.075628	-0.06676	0.049836	-0.095501	0.140737	-0.091223	
-0.119159	0.192513	0.071749	-0.013482	0.006513	-0.092402	0.051427	-0.110465	-0.060147	-0.19642	-0.220388	-0.005409	-0.071439	0.126146	-0.081189	-0.128432	0.048345	0.180689	-0.14553	0.077666	0.22823	0.232612	0.008568	0.140976	-0.089241	0.111594	-0.236686	-0.054987	0.104576	0.049499	-0.127184	-0.055349	0.100966	-0.314797	-0.052104	0.018719	0.221271	-0.277057	-0.062051	0.114434	0.040228	0.055794	-0.259557	-0.159996	0.160893	-0.181363	-0.028664	0.028251	-0.266874	0.017602	
-0.102185	-0.005931	-0.107101	-0.200652	0.005405	-0.262424	-0.092924	0.025625	0.061958	-0.26339	0.097238	0.073324	-0.042314	-0.026227	0.047779	0.064178	0.13923	-0.073197	-0.039567	0.035513	-0.121434	-0.023925	-0.033183	-0.048194	0.107594	0.029864	-0.17495	0.16281	-0.283645	-0.209352	-0.292945	-0.339511	0.002995	-0.131423	0.064432	-0.032584	-0.147829	0.18304	-0.045374	-0.042321	0.15677	0.350857	0.127708	0.022763	0.134261	-0.013664	-0.113949	-0.202733	0.015941	0.051577	
0.050505	-0.115006	0.223457	-0.050615	-0.136329	0.094814	0.008965	-0.085622	0.170719	-0.302525	-0.033784	0.09918	0.170337	0.047868	0.144678	0.28837	0.044422	0.118167	-0.243524	-0.0824	0.07807	-0.116043	-0.08684	-0.187731	0.189337	-0.021481	-0.0388	-0.001046	0.104606	0.032509	0.159825	-0.059813	-0.121987	0.06725	0.060381	-0.103381	0.295985	0.197485	-0.141802	0.200857	0.179595	-0.083793	0.014951	-0.092037	-0.115386	-0.264735	0.177622	-0.009883	0.129025	0.077009	
-0.217831	-0.111634	0.021126	0.044351	-0.167689	0.178102	0.161086	0.240621	0.112217	0.075395	-0.15694	-0.028573	0.188304	-0.019361	-0.024056	-0.067999	-0.362854	-0.242194	0.002225	0.184903	0.103596	0.083998	-0.103856	-0.017425	0.190371	-0.210109	-0.130575	-0.041127	-0.114393	-0.079878	-0.045396	-0.043585	-0.067632	0.233542	0.034686	0.19656	-0.120561	-0.213202	-0.16615	0.149192	-0.033612	0.110308	-0.108202	-0.03876	0.166954	-0.039057	0.057105	-0.122514	0.030834	0.222133	
0.010174	-0.096228	-0.077799	-0.041034	-0.208796	0.171659	-0.021508	-0.167594	0.092598	-0.047356	-0.016667	-0.031642	-0.200031	0.141382	-0.063739	0.040329	0.066611	0.187721	0.342984	0.267817	-0.069704	-0.126824	-0.11872	0.056945	0.162012	0.014611	-0.091913	0.225054	-0.155932	0.129415	0.203627	-0.039317	0.114197	0.002432	-0.191264	-0.211388	0.093038	-0.117377	-0.229369	0.071911	-0.211408	0.04607	0.218707	-0.008977	0.012888	0.090693	-0.154021	0.170547	-0.087784	0.168481	
-0.043393	-0.007223	-0.07755	0.115576	0.235192	-0.026154	-0.311066	0.228438	-0.265496	-0.241205	0.00502	0.167519	-0.140323	-0.005012	-0.106028	0.04725	-0.255197	0.026645	0.101511	-0.240735	-0.001762	0.027477	-0.079222	-0.267619	0.006275	-0.066163	-0.030012	0.098015	0.032701	-0.181888	0.302075	0.073055	0.04265	0.011606	-0.001787	0.166346	0.093346	-0.016812	-0.181506	0.002791	0.024272	-0.073664	-0.03808	0.078359	-0.034806	-0.057461	-0.313078	-0.059916	-0.176115	0.055423	
0.168649	0.063225	0.110219	0.048117	0.002092	0.165034	-0.139236	0.090204	-0.123887	-0.151636	-0.096934	0.082991	-0.115507	-0.063247	-0.112708	-0.25566	0.001411	0.160246	0.088175	0.005064	0.016645	-0.093251	0.087474	0.048102	0.110811	-0.015733	0.075912	-0.36777	0.033896	0.017398	-0.265556	-0.106609	-0.172534	-0.070273	0.246584	0.050587	0.200864	-0.083969	-0.139045	0.021575	-0.044797	-0.063573	0.342626	0.234229	0.209863	0.096277	0.045959	-0.014888	0.23854	0.053696	
0.159319	0.211103	0.060268	-0.058477	0.024318	0.036961	-0.192282	0.048582	-0.032337	0.27329	-0.205995	0.080979	-0.084384	-0.098018	0.024633	0.351399	-0.157725	0.04627	-0.054789	0.171395	-0.166766	0.12261	0.077109	0.099395	-0.0503	-0.373371	0.061949	0.062711	-0.038342	-0.098722	0.099677	0.056554	-0.102786	-0.246037	0.035913	-0.176098	0.205352	0.057643	0.163645	-0.042374	0.022182	0.105592	0.025174	-0.134648	0.120255	0.127573	0.113783	-0.179169	-0.057644	0.192531	
0.16486	-0.085522	-0.24987	-0.138114	-0.105665	0.11666	0.056442	-0.076003	0.117413	-0.013469	-0.215492	0.112738	0.054993	0.14439	0.063111	-0.123465	-0.009066	-0.10832	-0.301219	0.005007	0.158969	0.020732	0.124744	0.048	-0.024697	-0.196868	-0.073913	-0.075024	0.109419	-0.138734	0.149912	-0.030976	-0.001207	-0.134952	-0.047165	0.131264	-0.116395	0.127782	0.17473	0.226214	0.059975	-0.037027	0.255924	-0.032848	0.003727	0.158355	-0.431008	0.19942	0.021501	-0.104478	
