-0.033473	0.074985	-0.140924	-0.094841	-0.005972	0.071346	-0.029939	0.237729	0.188099	-0.106555	-0.043793	0.087309	-0.284336	-0.095898	-0.06773	0.114193	0.136343	-0.032823	0.254225	-0.261582	0.276284	0.069162	0.034663	-0.153424	-0.274119	-0.260859	0.014428	0.317343	-0.025183	-0.006901	0.191275	-0.20441	-0.101351	-0.115765	-0.076368	-0.015665	-0.044496	-0.053469	-0.004445	-0.195639	-0.124589	-0.073541	0.014164	-0.09899	0.169993	0.000403	0.025766	-0.1465	0.008475	0.035687	
0.166549	-0.043734	0.214977	0.242709	-0.290594	-0.107479	0.116552	0.036202	0.081901	0.001126	0.074249	0.060523	0.193423	-0.107748	0.025043	-0.004406	0.290623	-0.060276	0.03416	-0.000806	0.00362	0.093091	-0.087226	-0.099741	0.044826	-0.0647	-0.058913	-0.027355	0.160337	-0.026076	-0.009191	-0.144076	0.250646	-0.235586	-0.312993	-0.212271	0.091387	0.040029	-0.284126	0.051664	-0.136141	0.195263	-0.08537	-0.058063	-0.044789	0.041835	-0.239682	0.039832	-0.152078	0.087745	
0.031051	0.171443	0.054175	0.175222	0.100122	-0.073198	-0.065529	0.061339	-0.143385	0.302521	-0.070448	0.018857	-0.102263	-0.045931	-0.274886	0.130282	-0.118301	-0.148627	0.189345	-0.032126	-0.143822	0.084024	-0.08146	0.187004	0.230101	-0.018229	-0.091426	0.261824	-0.169027	-0.005802	-0.35704	-0.039097	-0.086598	0.097508	-0.090513	0.051694	-0.02984	-0.047594	-0.074983	-0.063355	-0.241163	-0.007001	-0.340318	-0.094566	0.019989	-0.150351	0.007948	0.102288	-0.010135	-0.051793	
-0.045237	-0.16522	-0.126295	-0.207122	-0.01463	-0.011341	-0.117536	0.223696	-0.330296	-0.128099	-0.058141	-0.104088	0.003605	0.034032	-0.019415	0.036628	0.158374	-0.021574	0.166043	-0.132803	0.110957	-0.147339	0.116832	0.37067	-0.038956	-0.186562	-0.117121	-0.163912	0.040229	-0.12347	-0.059801	0.143337	0.193158	0.083177	-0.014696	0.165308	0.098698	0.181575	0.008057	0.147635	-0.074947	0.034374	-0.068003	0.018079	-0.055071	-0.063331	-0.322025	-0.218646	-0.103855	-0.117719	
0.244838	-0.126634	0.028932	0.013487	-0.051292	0.136348	0.115316	0.064819	0.138962	-0.008987	0.072443	-0.066073	0.199028	0.160828	-0.303469	-0.080015	-0.1851	0.103615	0.127905	-0.251792	0.033746	0.180354	0.033813	0.001372	0.088247	0.019896	-0.037083	-0.090466	0.105046	-0.324012	0.055047	-0.171589	-0.116014	-0.027182	0.25667	-0.035482	-0.135793	0.099069	0.086918	0.053268	-0.001009	-0.197878	0.042476	0.022784	-0.17143	-0.309872	-0.094435	0.070023	-0.097555	0.235133	
-0.12853	-0.101816	0.266807	0.018756	-0.290737	-0.174697	0.285577	0.015411	0.066447	-0.06556	-0.112825	0.036893	-0.157729	-0.051943	0.253086	-0.138608	-0.156157	-0.006041	-0.105305	0.039741	0.002548	-0.051429	0.186568	0.220573	0.072784	-0.189772	-0.042446	-0.106473	-0.122362	-0.135021	-0.026411	-0.169894	-0.017449	0.126608	-0.079278	0.082694	-0.19055	-0.231094	-0.001669	-0.276434	-0.067233	-0.205695	0.125754	-0.091449	-0.058643	-0.109795	-0.071954	0.058331	-0.016685	-0.199317	
0.022463	0.050204	-0.049455	-0.075723	-0.108186	-0.033187	0.268765	0.193479	-0.304859	-0.192215	-0.097013	0.002463	-0.015346	0.023311	-0.124739	0.218887	-0.119375	-0.241352	0.074728	0.029165	0.043572	0.310947	-0.040591	-0.294766	0.168046	0.089929	0.00604	-0.07741	0.0415	0.179504	-0.072934	0.156642	0.160201	-0.109586	-0.090013	0.192497	-0.04623	0.127642	0.042894	-0.199911	0.109853	0.006441	0.239392	-0.118804	-0.196215	-0.049297	0.092209	-0.008941	0.113527	-0.039458	
0.037084	-0.091617	-0.002708	0.079348	-0.062866	0.121977	0.026336	0.151452	0.167608	0.128994	0.105478	-0.268516	-0.0787	-0.048713	0.141613	-0.107705	-0.078135	0.051361	0.031571	-0.041363	0.308338	-0.193376	0.210707	-0.216123	0.248872	0.199046	-0.384436	0.033947	0.141564	0.29444	-0.256383	-0.103278	-0.009765	0.037382	0.033173	0.060457	0.014684	0.08028	0.001105	0.059423	-0.099958	-0.01441	0.035264	0.155649	0.109817	-0.018172	-0.04738	-0.094166	0.160256	-0.057741	
0.125824	-0.162382	0.030345	-0.188302	-0.235966	-0.267754	-0.082575	0.098714	-0.162993	0.026712	0.12853	-0.213514	-0.031091	0.14308	-0.164801	0.035222	-0.048412	0.038439	0.036906	0.064683	0.041499	-0.153063	0.024371	-0.129777	0.076648	0.018598	0.243254	0.028326	-0.200752	-0.056913	0.131724	0.107158	-0.104265	-0.197194	0.086976	-0.111704	0.094585	0.024385	-0.201712	0.101577	-0.254628	-0.154971	0.109696	0.049248	0.266504	0.058278	0.037936	0.298918	0.110143	-0.191666	
-0.182878	-0.247725	0.096057	0.161771	-0.07724	0.107781	0.225163	-0.037705	0.129736	-0.060183	0.012412	-0.069095	-0.052885	0.030935	-0.182122	0.029822	0.013727	0.189903	0.039991	-0.003201	-0.197325	0.135343	0.062169	0.111822	-0.234853	0.209155	-0.108179	-0.024956	-0.050351	0.093377	0.044397	0.389991	-0.121929	-0.134051	-0.073308	-0.059251	0.146449	0.040751	-0.133632	-0.145947	0.108103	-0.137982	-0.214395	-0.084155	0.197867	-0.14975	-0.098055	-0.21838	0.203649	-0.027392	
-0.170447	0.171851	0.019993	-0.048467	-0.268045	-0.033455	-0.008994	0.07721	-0.127736	0.011468	-0.01622	0.060524	-0.017557	0.09881	-0.053111	0.177295	0.11042	0.243583	-0.120458	0.110212	0.102021	-0.042641	-0.09716	0.068331	0.044069	0.046158	-0.064164	-0.034338	0.26304	-0.121029	-0.018323	0.114951	0.054621	0.13365	0.102531	0.142701	-0.088599	-0.225927	0.064116	-0.104529	-0.205287	0.117056	0.004289	0.001543	0.238393	-0.000794	-0.012729	0.077136	0.202205	0.527574	
0.118005	-0.135972	-0.043443	0.219005	-0.005215	0.293639	-0.073463	-0.108839	-0.307446	-0.083228	0.032187	-0.085422	-0.074742	-0.039804	-0.100906	-0.097463	0.11746	0.06311	-0.143757	-0.240335	-0.002794	0.287271	0.21347	0.251885	0.111873	-0.064661	0.166194	0.076003	0.204308	0.150413	-0.095463	-0.054015	-0.041705	-0.022849	0.116002	-0.151649	-0.087925	-0.178143	-0.021587	-0.137652	0.02939	0.16085	0.192519	0.023535	0.198028	0.173378	0.027306	0.092581	-0.02195	-0.149468	
-0.007981	-0.153649	-0.223106	-0.172381	-0.178727	0.204947	-0.085096	0.157914	-0.035722	-0.045128	0.281895	0.206235	0.164053	0.076505	0.206784	0.201434	-0.067106	-0.017748	-0.165068	0.148499	-0.173294	-0.004199	0.113895	-0.10208	0.214411	-0.034309	0.101652	0.273731	0.078302	-0.037025	-0.101614	0.05284	-0.139208	-0.002327	-0.185263	-0.154625	-0.162123	-0.034123	0.145867	-0.005339	0.072907	-0.234014	-0.206893	-0.052836	0.006414	0.055888	-0.186251	-0.097704	-0.095843	-0.009051	
0.203855	-0.10178	0.1386	0.009244	0.207556	0.035497	-0.174095	0.027645	-0.174809	0.021664	-0.018741	-0.051518	-0.040052	0.193743	0.14152	-0.01028	0.037667	0.112234	-0.002734	-0.237205	-0.345762	-0.161572	0.119803	-0.122238	-0.03392	-0.108235	-0.115649	-0.137317	0.18492	0.047647	0.140303	-0.033222	0.001944	-0.192821	-0.274791	0.177199	-0.032455	-0.141132	-0.013962	-0.095641	-0.195538	-0.155082	-0.121709	-0.006684	-0.213202	0.03173	0.251694	-0.003632	0.205864	0.093391	
0.081066	0.143735	-0.130176	-0.027959	0.019432	-0.00071	0.064334	0.032126	-0.165092	0.098625	-0.183978	-0.119698	-0.158565	-0.167954	-0.02011	-0.161224	-0.188804	0.216348	0.006522	0.086201	0.094574	0.049859	0.000286	-0.068482	-0.069124	0.112163	0.119248	0.001318	-0.092898	-0.124868	-0.066805	0.129672	-0.040267	-0.217994	-0.166592	-0.246755	-0.219156	-0.350266	-0.022433	0.264154	-0.091603	0.062649	0.073527	0.102586	-0.243922	-0.007728	-0.166481	-0.314364	0.078907	0.045919	
0.156796	0.08674	-0.086286	-0.090814	0.080285	0.193525	0.130274	0.136773	0.140887	-0.043326	0.112957	0.232496	-0.284797	-0.068234	-0.170715	-0.176686	0.111643	-0.205505	-0.347101	-0.030951	-0.005075	-0.014441	-0.041473	-0.015752	0.353746	-0.070938	-0.064627	-0.312993	-0.164467	-0.060867	0.149395	0.181035	-0.048782	0.001005	0.053584	-0.026971	0.189245	-0.062777	-0.07168	-0.05343	-0.203987	0.016995	-0.095198	0.063295	0.038498	0.02691	0.049098	-0.141795	-0.07918	0.042149	
-0.024342	0.151114	-0.113931	-0.012416	0.074551	-0.040183	0.049374	0.153602	0.101245	-0.247386	-0.279704	-0.06372	0.084245	0.108197	0.131405	0.071165	0.023625	-0.146849	0.090477	-0.043439	0.022061	0.049598	-0.089276	0.033787	-0.071033	-0.084644	-0.244114	-0.265242	0.116629	0.020983	-0.162245	0.160528	-0.195153	-0.084512	0.11068	-0.283188	-0.284168	-0.055325	-0.15456	0.017353	0.049298	-0.1262	-0.223582	0.162557	0.073419	0.223846	0.023025	0.284981	-0.04289	-0.057289	
-0.05421	-0.043936	0.230544	0.139792	0.030417	0.177632	-0.132864	0.248118	-0.095771	0.089778	0.009847	0.229548	0.078466	0.031167	0.067751	0.008846	0.175309	-0.051423	0.086177	0.187351	-0.011195	-0.120458	-0.136602	0.125064	-0.076465	-0.052481	-0.002614	0.070193	-0.113785	0.234487	-0.097007	0.073296	-0.291972	-0.111131	0.187757	-0.005088	0.031687	-0.001878	-0.215362	-0.055246	-0.044411	-0.168043	0.413153	0.159452	-0.227293	-0.084464	-0.054925	-0.062794	-0.077103	0.162749	
-0.196678	-0.025238	-0.228536	0.014981	-0.211089	-0.056053	-0.279608	-0.152514	0.146445	0.112628	-0.038617	-0.030337	0.150455	0.273316	-0.126547	-0.285738	-0.131564	-0.336796	-0.013794	-0.063219	0.208972	-0.020129	0.007015	0.119073	-0.002486	-0.019651	0.055201	0.014801	0.124801	-0.00378	0.038451	0.138494	-0.116476	0.006751	-0.241904	-0.115515	0.090181	0.014471	-0.017599	-0.287078	-0.06976	0.10917	0.040635	0.055647	-0.245011	-0.002604	-0.000495	-0.015823	0.186945	0.033176	
0.238382	0.209143	0.13839	-0.04401	0.019043	0.085751	0.015576	0.134555	0.000549	-0.105049	-0.197727	-0.319544	-0.023354	0.29173	0.237664	-0.004576	-0.011438	0.089415	-0.022866	0.215133	0.031715	0.125445	0.172722	0.111132	0.059306	0.113711	-0.026645	0.141427	-0.13456	-0.157384	0.045033	-0.027186	-0.268048	-0.028518	-0.069742	-0.011904	0.285344	0.15483	0.04841	-0.164522	0.004948	0.209671	-0.018801	-0.179332	-0.009128	0.138612	0.005337	-0.060934	-0.181953	0.126919	
0.011042	0.173094	0.211852	-0.125331	0.034271	0.054399	-0.069685	-0.01235	-0.076182	-0.02099	-0.184141	0.239832	0.069212	-0.101774	-0.020745	-0.02353	-0.284363	0.041585	-0.091551	0.084392	-0.062951	0.052578	0.067849	-0.058464	-0.091992	-0.218446	0.110859	-0.18737	0.148637	0.182238	-0.044647	-0.19196	-0.129153	-0.147349	0.045451	-0.143904	0.178591	0.26312	0.235785	-0.022128	-0.157685	0.086503	-0.078039	0.083063	0.170415	-0.130045	-0.288097	0.002737	0.276759	-0.08089	
0.068678	-0.038207	-0.117382	0.212082	0.027398	0.016286	-0.278602	-0.201756	0.162653	-0.131937	-0.035722	0.156105	0.010632	0.105086	0.274902	0.103701	-0.078774	-0.085718	0.090028	-0.105839	-0.053422	0.22825	0.07079	-0.185878	-0.005207	-0.037612	-0.093691	-0.11349	-0.166031	-0.179004	-0.199464	0.198938	0.01243	0.033029	0.042843	0.130998	0.115686	-0.141812	-0.024836	0.208363	-0.217071	0.001236	0.282544	-0.253812	0.170428	-0.0865	-0.164394	0.00075	0.080238	-0.012636	
0.216107	-0.22296	0.086607	0.094469	-0.013527	0.273716	0.040628	0.043303	0.090059	0.023208	-0.206367	0.067051	-0.015714	0.089556	-0.08359	0.066313	0.002362	-0.194473	0.017219	0.335974	0.160507	0.013745	-0.046641	0.062888	-0.271872	0.203126	0.077716	0.054693	0.141412	-0.044047	0.022005	0.018444	0.28069	0.073396	0.072857	0.021381	0.043626	-0.135684	0.263437	0.028237	-0.33589	-0.177393	-0.107903	0.032216	-0.064328	0.142455	0.077164	0.047142	-0.021035	-0.180628	
0.07858	-0.00191	0.287935	0.064825	-0.239522	0.079077	-0.123237	-0.132097	-0.204683	0.054232	0.081004	-0.150654	-0.119795	-0.093891	-0.001711	0.108885	-0.035479	-0.217425	0.177297	-0.135085	-0.140991	-0.10859	-0.076095	-0.345503	-0.112825	-0.006723	-0.051829	-0.108625	-0.057925	-0.143816	0.071244	0.094658	-0.118617	0.362087	0.138872	-0.172687	-0.035343	-0.030867	0.102751	-0.193341	0.067902	0.088527	-0.062475	0.171666	-0.010522	0.16043	-0.129111	-0.206438	-0.074449	0.0053	
-0.341358	0.041761	0.127993	0.176867	-0.051451	0.083189	0.09665	0.182349	-0.099935	0.011854	0.108753	0.205362	-0.191501	0.433596	-0.001861	-0.110648	0.005381	0.132975	0.178402	-0.048026	0.044962	0.129667	-0.025212	-0.072061	0.095055	-0.089128	0.039928	-0.042787	-0.062686	-0.17425	-0.101909	-0.163906	0.10969	0.056175	-0.051875	-0.157337	0.225153	0.000483	0.078569	0.266358	0.152987	-0.037637	-0.046513	0.128007	-0.049806	0.201768	0.154868	-0.018844	0.153326	-0.08683	
