-0.179218	-0.0609	0.264424	-0.079335	0.062841	-0.072989	0.082269	-0.049373	-0.093126	0.119861	0.086749	0.157925	-0.077132	-0.148333	-0.214819	0.238267	0.199484	0.173267	-0.105409	-0.28272	-0.007981	0.197404	0.082097	0.219664	0.017398	-0.113391	-0.002948	-0.20722	-0.097513	-0.044871	0.187959	-0.324761	0.048245	-0.003837	0.228576	0.157668	-0.079461	0.071398	-0.069987	-0.003719	0.108947	-0.062762	0.058411	-0.091436	-0.112515	0.135229	-0.120687	0.000675	-0.162084	-0.15701	
0.055119	-0.351537	-0.009198	-0.237581	0.18615	0.130125	0.07142	0.218081	0.037184	0.21222	0.049645	0.16273	0.105344	-0.040976	0.160599	-0.014791	-0.13676	-0.137934	0.045737	0.080582	0.1239	-0.13573	-0.039506	-0.228419	-0.239417	-0.11205	0.033194	0.103092	-0.020397	-0.045831	0.25975	0.116295	0.06821	0.137187	0.0366	-0.057906	-0.102884	0.021082	-0.099128	0.048928	0.102986	-0.120802	0.107249	-0.037466	0.171726	0.13307	0.045369	-0.112855	-0.356028	-0.145763	
-0.007399	0.049122	-0.072235	0.087578	-0.074003	0.062094	0.163455	0.090321	0.009537	-0.146485	-0.178552	-0.17613	-0.001012	-0.236757	0.277468	0.130999	-0.013421	-0.175532	0.126175	-0.077486	0.163612	-0.020687	-0.189088	-0.113152	-0.089262	-0.109358	-0.066928	-0.174317	-0.096368	0.055686	-0.060506	-0.025154	-0.12968	-0.089819	0.034908	0.218247	-0.198113	-0.038715	-0.359486	-0.190165	0.126025	-0.028744	0.108429	-0.203614	-0.20885	0.091916	-0.094402	-0.100552	0.116961	0.266588	
0.001878	-0.07733	-0.044539	0.011554	0.125121	-0.103583	-0.240425	0.075322	0.022514	-0.120134	-0.007712	-0.009509	-0.171058	0.207391	0.025657	-0.355205	0.266862	-0.276891	0.06229	-0.12737	-0.157637	0.079549	0.13732	0.009185	-0.267663	-0.051481	0.071268	-0.112548	-0.178474	-0.001392	0.014484	-0.151779	0.193148	0.181203	-0.131266	-0.079411	-0.108295	0.092895	-0.148769	-0.01065	0.229922	0.01546	-0.132233	0.09798	-0.255809	-0.116816	0.159663	0.003069	0.026586	0.028943	
-0.010493	0.139372	-0.342045	-0.178319	-0.047433	0.152494	-0.157995	-0.026912	0.008987	-0.075031	0.288246	0.209308	-0.102279	-0.128605	-0.177058	0.071724	0.008161	0.056866	0.156123	-0.022043	-0.011329	0.145465	-0.129904	-0.040806	0.008831	0.02121	0.0485	-0.099457	-0.06285	0.237651	0.143333	0.21917	-0.252992	0.158355	-0.055887	-0.111474	0.277544	0.018396	0.070508	0.049119	0.193002	-0.061687	-0.074135	-0.190034	-0.204014	0.223045	0.07936	0.005363	0.022149	0.06615	
-0.025366	-0.117862	0.05999	0.074147	0.073069	0.111301	0.094129	0.005457	0.142728	-0.094859	-0.211079	0.011789	0.074072	0.090955	-0.03254	-0.004666	0.166147	0.01619	-0.165571	0.348634	-0.08151	0.079807	-0.125275	0.423657	0.202041	0.114734	-0.10563	0.083486	-0.018615	0.103102	-0.06205	0.057849	0.009122	-0.015076	-0.150087	-0.046674	0.187967	0.034702	-0.267507	-0.192003	0.211607	-0.228597	-0.075272	-0.167717	0.052279	-0.013683	0.125147	-0.073647	-0.24545	-0.022095	
-0.07313	0.090307	-0.010833	0.191019	-0.123188	-0.217983	-0.157158	-0.025503	-0.277239	-0.197907	-0.118219	0.169625	-0.216747	0.039435	0.108835	0.293142	-0.220968	0.050532	0.114182	0.076999	-0.111585	0.192602	-0.163814	-0.019419	-0.096193	-0.024911	0.232405	0.132558	0.011343	0.005452	-0.213483	0.016517	0.169792	0.065637	0.007313	-0.199269	-0.215928	0.017512	0.03339	-0.037201	-0.005256	0.066676	-0.079902	-0.135599	0.057882	0.069185	0.010645	-0.186298	-0.278513	-0.100457	
-0.011862	-0.024544	0.072399	0.190669	-0.179914	-0.338745	-0.031271	0.126551	0.024073	-0.044996	0.012882	0.216628	0.007573	-0.262728	0.204245	0.139346	-0.07618	0.09095	-0.207744	0.080475	0.06853	-0.260001	0.145171	0.045075	-0.000951	-0.129052	-0.056522	-0.027595	-0.074271	0.063584	0.165869	-0.103041	-0.048102	0.058571	-0.20238	0.062466	0.174223	0.219523	0.083618	0.098569	0.179151	0.043288	0.04726	0.097381	0.061316	-0.03382	0.362904	-0.149595	0.178111	0.063062	
0.094321	-0.094437	0.126098	0.049906	0.183279	0.058773	-0.114023	0.03121	-0.099735	-0.267205	-0.147869	0.159831	-0.107534	-0.026483	-0.216498	0.117187	0.06355	0.013922	0.184932	-0.051128	0.05017	-0.357964	0.100007	-0.143697	-0.156454	0.077653	-0.091642	-0.141268	-0.013871	0.09629	-0.067757	-0.059213	-0.205883	-0.146644	-0.035665	-0.055655	0.063079	0.171377	0.179431	-0.368858	0.006762	-0.217486	-0.143102	0.121404	0.158047	-0.05329	-0.199669	0.071927	-0.078823	0.02955	
0.084613	-0.177928	-0.046152	0.056509	-0.027012	-0.087174	0.281035	-0.128907	-0.148767	0.034778	-0.147527	0.191531	-0.029616	-0.226613	-0.044499	-0.245013	0.153775	0.202845	-0.015219	-0.049589	0.162082	0.173812	0.067725	-0.060214	-0.10058	-0.070023	-0.134202	-0.030141	0.110062	0.211864	-0.168605	-0.029355	0.131054	0.094836	-0.249108	-0.313965	-0.018987	-0.275662	0.060772	-0.065432	-0.033439	0.001495	0.28382	0.050191	-0.028284	0.103683	-0.006772	0.146313	-0.01579	0.122178	
-0.148132	-0.079603	-0.110181	0.008813	-0.124615	0.044211	0.045537	0.297646	-0.2245	-0.144737	0.152843	0.046953	0.157354	0.19203	-0.122831	-0.134776	0.172494	0.254624	0.094016	0.050099	0.122204	-0.244574	-0.031143	0.070972	0.054038	-0.033619	0.11238	0.242797	-0.116636	-0.121868	-0.213026	-0.154955	-0.111203	0.005775	0.271041	0.040646	-0.162838	-0.123602	-0.020822	0.018051	0.127954	-0.005542	-0.009617	0.007737	0.053495	0.210912	0.240448	0.135865	0.035579	0.166942	
-0.296113	0.26255	-0.080783	0.107107	0.188264	0.044393	-0.121982	0.040732	-0.034582	0.20533	-0.228137	0.006672	0.004281	0.342618	0.004058	-0.084793	0.099255	0.102905	0.099528	0.109992	-0.035301	-0.042441	0.003003	-0.05039	-0.026581	-0.17952	-0.14276	-0.057177	0.102175	0.149343	0.081033	-0.182703	-0.309422	0.035802	-0.162146	0.011302	0.001496	0.123043	-0.024483	0.065467	-0.110857	0.202556	0.297598	-0.004686	0.056328	0.161524	-0.062381	-0.21998	-0.082014	-0.020322	
0.01597	0.025808	0.04859	0.168529	-0.153834	-0.245725	0.071269	-0.274724	-0.04601	0.060213	0.029228	-0.063707	0.229465	0.306885	0.014604	0.091469	0.050577	0.131999	0.017846	0.244783	-0.163484	-0.059217	-0.089318	-0.26251	-0.111399	-0.198329	-0.097201	-0.117583	-0.129439	0.144599	0.263459	0.088485	0.033526	-0.05283	0.024825	0.01352	-0.113593	-0.108615	0.005193	0.07765	0.127658	-0.287959	-0.120705	-0.077394	-0.071332	-0.012009	-0.062379	0.308081	0.012312	-0.030833	
-0.242323	-0.09254	0.173953	0.01263	0.047069	0.04327	-0.194989	0.244903	0.197478	0.328088	-0.120064	0.040855	-0.071585	-0.050257	-0.064015	-0.006007	-0.259126	0.102235	-0.008174	0.108901	-0.085344	0.038245	0.141969	0.004254	0.090882	0.015502	-0.14987	-0.098167	-0.04141	0.219012	-0.118137	0.12188	0.078934	0.279718	0.15275	0.032403	-0.241538	-0.133949	0.189356	-0.188548	-0.011113	-0.0508	-0.166705	-0.120312	-0.082217	-0.043073	0.033871	0.023581	0.144147	0.23571	
-0.188051	0.253148	-0.03972	0.099681	0.171917	0.049819	-0.089587	0.158014	0.112598	0.016832	-0.05717	0.147802	-0.050619	-0.103171	0.255694	-0.096458	0.086257	0.017926	0.017846	-0.322956	-0.011456	0.020543	-0.083611	-0.066954	0.142401	-0.092424	-0.003251	0.116019	-0.236561	0.079201	-0.161971	0.129441	0.054504	-0.239265	-0.128222	0.182197	0.016289	-0.182097	0.151252	0.104524	0.012568	-0.321557	0.071054	-0.00624	0.073737	-0.100386	0.10245	0.185363	-0.110437	-0.260435	
-0.183907	0.038993	0.077194	-0.01613	0.090853	-0.192313	0.111689	-0.057168	0.017334	0.040579	-0.171129	-0.149185	0.015215	-0.111418	0.165338	-0.010172	0.227957	0.087724	-0.091707	0.040428	0.056692	-0.047074	0.027827	-0.133615	-0.032773	0.331938	0.161316	0.044578	0.19552	-0.244708	-0.039447	0.177724	-0.208092	0.214927	-0.073336	0.104286	-0.023418	0.010765	0.199733	0.043051	0.076868	-0.123602	-0.184817	0.176068	-0.334028	0.253374	-0.043522	-0.050487	-0.155782	-0.024783	
0.190626	0.077049	0.195139	0.01643	0.244786	-0.094307	0.039799	-0.037254	-0.025539	0.294501	-0.162799	-0.176545	-0.281108	-0.016366	-0.115074	0.070065	0.006824	0.110812	0.18878	0.042976	-0.035234	0.092561	-0.051518	-0.090416	-0.208393	0.010666	0.112181	0.242572	-0.151556	0.008531	0.038655	0.026093	0.105613	-0.238894	0.117866	0.096568	0.346249	-0.06112	-0.062101	-0.015871	0.060679	0.069569	-0.027213	0.029205	0.044614	0.177329	0.264585	0.015606	0.051869	0.24248	
-0.030064	-0.079922	0.028594	0.019982	-0.090548	-0.15052	0.134717	0.179844	-0.033154	0.193176	-0.029319	0.078779	-0.019574	0.004411	0.017777	-0.087953	0.033194	-0.282209	0.140479	-0.099306	-0.130665	-0.191134	-0.107618	0.037861	0.224489	-0.205877	-0.153687	-0.049201	0.155545	-0.199434	0.046048	-0.08451	-0.001117	-0.301994	-0.04374	-0.312623	0.134479	-0.107768	0.159402	-0.045971	-0.052522	0.099278	-0.296987	-0.247345	-0.216446	0.159321	0.00369	-0.048547	-0.0326	-0.038291	
0.025732	-0.319623	-0.148967	0.021736	-0.025641	0.132674	0.1311	-0.059965	-0.046258	-0.014686	-0.148128	0.11417	0.06854	0.107436	0.072737	0.099313	0.253648	-0.028442	-0.134858	-0.111825	-0.002278	0.105409	-0.073552	-0.213393	0.166819	-0.091206	0.029128	0.266333	-0.21456	0.286912	-0.001625	-0.05204	0.101295	0.077096	-0.035864	0.261584	0.069103	0.19307	0.184129	0.022037	-0.160774	0.225855	-0.297069	-0.025377	-0.017005	0.01485	-0.137523	-0.11388	0.031304	0.091495	
-0.112173	-0.107115	0.178055	-0.263236	0.053514	0.019596	-0.060862	0.085705	-0.122144	-0.233463	-0.134175	-0.170889	-0.041858	0.013713	-0.073255	-0.064226	0.020688	0.043831	-0.173016	-0.057399	-0.074878	0.252306	-0.233557	-0.197038	0.062468	-0.349715	0.016301	-0.172823	0.27277	-0.188417	-0.05527	0.047773	-0.060304	0.045011	-0.066743	0.026922	0.0767	0.083017	0.12248	0.161978	0.111742	-0.158067	-0.032639	-0.086197	0.281314	-0.078431	0.107779	-0.006094	0.101251	0.211609	
-0.222178	-0.137953	0.114229	0.052967	-0.307284	-0.027163	0.136022	0.129422	0.134338	-0.103626	-0.118326	-0.223398	-0.152976	0.174482	-0.013925	0.096504	-0.026139	-0.172587	0.167705	-0.159808	0.125616	-0.001665	0.114767	0.237749	-0.1495	-0.109618	0.156282	0.201735	0.007002	0.076699	0.133715	0.162296	-0.045083	0.169014	-0.015415	-0.051807	0.189929	0.156145	0.158091	-0.025861	-0.09396	-0.062343	0.255834	-0.124143	-0.032348	-0.006545	-0.076612	0.298628	-0.01135	-0.023729	
0.134174	-0.00576	0.20213	-0.195205	0.319241	-0.008944	0.123698	-0.282404	-0.025653	-0.029006	0.215458	0.000389	0.072529	0.234795	0.177947	0.056599	-0.223656	-0.034425	0.157192	-0.010837	0.12675	-0.071075	-0.142528	0.139615	0.184715	-0.100454	0.037718	0.059975	-0.072458	0.027159	-0.178837	-0.169722	0.048733	0.124766	-0.148783	-0.000374	-0.073663	0.147294	0.259449	-0.122446	0.042927	-0.155139	0.171286	-0.031263	-0.239719	0.072019	0.117792	-0.070195	0.148238	0.025478	
-0.056814	0.20174	0.239583	-0.236287	0.002305	0.026567	-0.236089	0.039575	-0.146612	-0.111164	-0.039193	-0.137802	0.090438	-0.09712	-0.07498	0.040403	0.060234	-0.008209	-0.234296	-0.098816	-0.008067	-0.267941	-0.138711	0.100117	-0.020016	0.000125	-0.049795	0.344995	-0.115004	0.172646	0.232362	0.055465	0.14921	-0.020731	-0.13741	-0.217299	-0.07767	-0.215119	0.003732	0.081496	0.117137	0.04488	0.050565	0.044142	-0.098426	0.006654	-0.292128	-0.139316	0.023148	0.176324	
-0.072381	-0.09522	-0.061867	0.029112	0.154539	-0.003003	0.03525	-0.036972	-0.115512	-0.204759	0.088213	0.054655	0.087243	0.048459	0.261044	0.022808	0.074683	-0.087582	0.01506	-0.015876	-0.29307	0.226957	0.222308	0.141442	-0.127171	0.202678	-0.311584	0.067384	0.010189	-0.076642	0.181636	0.215018	-0.014665	-0.23707	0.16309	0.023412	-0.115686	-0.006169	0.302213	-0.084977	0.148827	0.111617	0.185734	-0.080372	0.133657	0.148158	0.024844	-0.056976	0.101923	0.141616	
-0.011234	0.12261	-0.131934	-0.299934	-0.145328	-0.143684	0.179488	-0.105187	-0.179255	0.067384	-0.123947	-0.170382	-0.094409	-0.010192	-0.050928	-0.044281	-0.064325	-0.067664	0.26264	-0.112388	0.058653	-0.096879	0.014815	0.092615	0.148026	0.045355	-0.233783	-0.011782	0.15816	0.272087	0.022484	0.026716	0.038947	0.053283	0.046455	0.212404	-0.117946	0.001057	0.069879	0.003544	0.342768	0.160847	-0.123102	0.151229	0.136177	-0.19739	0.161633	0.014313	-0.254158	-0.080973	
