-0.181113	0.003358	0.139146	0.296976	-0.085594	0.052116	-0.031677	-0.108646	0.015325	0.125209	-0.039426	0.084579	0.194319	-0.258955	0.047224	-0.05503	0.10389	-0.30798	0.115863	0.025325	0.116377	0.051594	-0.055979	0.357222	0.004821	0.146432	-0.030055	-0.016354	-0.043951	0.138091	0.041095	0.112965	0.244912	-0.089889	0.035665	-0.059461	0.240573	0.209996	0.160636	-0.060519	0.180828	-0.179825	-0.004214	0.044932	-0.089731	0.257171	-0.029478	-0.088492	0.130813	0.077187	
-0.033923	-0.065463	-0.075028	-0.249916	-0.171561	0.165337	0.130864	0.035426	-0.054391	0.091145	0.122777	-0.062035	0.16491	-0.173073	-0.050989	0.146803	-0.15371	-0.100564	-0.082703	0.132896	0.277584	0.024542	-0.29683	-0.240771	0.027853	0.007614	-0.259188	-0.166988	0.071079	-0.097089	0.126492	-0.147015	0.07283	-0.20654	0.180414	-0.080426	0.14782	0.262754	-0.145983	-0.200095	-0.109712	0.076762	0.082514	0.037954	0.081424	-0.190464	0.001229	-0.03537	-0.003216	-0.017507	
0.128974	-0.425385	-0.044313	0.172186	0.154269	0.184834	-0.086553	0.128218	-0.1206	0.073397	-0.056801	-0.062419	-0.014026	-0.019467	0.031763	-0.40872	0.042929	-0.304209	0.078908	-0.047822	-0.181478	-0.048641	-0.09745	-0.086973	-0.142636	-0.01767	0.080076	0.154328	0.104432	0.015088	-0.018322	-0.041864	-0.125414	-0.005115	0.133365	0.077869	0.097071	-0.012437	0.01245	-0.067048	-0.270812	0.182812	0.076752	0.00779	0.212989	-0.012274	-0.126996	-0.059917	0.048217	0.199366	
-0.040693	-0.110159	-0.073208	-0.008767	0.088101	0.025783	0.012267	0.017189	-0.062162	-0.213819	0.307429	-0.292688	-0.164226	0.040772	-0.144065	-0.024853	0.027612	0.015832	0.076889	0.071941	-0.171059	-0.058121	0.120154	0.036329	0.074504	0.075918	0.070211	-0.116815	-0.06586	-0.371084	-0.150754	-0.161271	-0.050948	-0.320591	0.182859	-0.192341	-0.122951	0.121113	0.253806	-0.144359	0.149033	-0.094679	-0.149448	0.045519	-0.100463	0.178262	0.057828	-0.035264	0.025982	0.131939	
-0.140361	-0.082558	-0.168896	0.116035	-0.184023	-0.127028	-0.283008	-0.16914	0.211612	-0.037242	-0.043728	-0.061569	-0.060429	-0.142853	-0.030003	0.145259	-0.053797	-0.089839	0.143007	-0.361978	-0.063548	-0.058262	0.025412	-0.233097	-0.099312	-0.039906	-0.142386	-0.040595	0.006472	-0.025528	0.10676	-0.309552	-0.161361	0.180452	0.130761	0.224286	0.029757	0.008075	0.191811	0.063145	0.054729	-0.095338	-0.01748	0.05927	-0.113906	-0.103466	0.019019	-0.16613	0.229533	-0.144056	
0.280886	0.06722	-0.05948	0.088772	-0.094291	-0.095046	0.347948	0.157193	0.161985	-0.0426	0.021137	0.057251	-0.066718	-0.215764	0.040057	-0.207558	-0.163635	-0.045948	0.056267	-0.136904	0.150513	0.045408	-0.146596	0.172066	0.044205	0.230299	-0.190541	-0.064727	-0.095469	-0.12947	-0.051106	0.199305	-0.248295	0.112795	0.045572	0.063638	-0.285807	-0.052517	0.054123	-0.004725	0.029795	0.007714	-0.134593	0.224258	0.161841	0.005879	0.072087	-0.215627	-0.040519	-0.082927	
-0.064616	-0.094126	0.020126	0.051132	-0.184786	0.084864	0.113198	-0.336693	0.08262	0.004026	-0.161008	-0.021911	0.034049	-0.119318	-0.018938	0.123345	0.144589	0.052418	-0.125961	-0.03233	0.070254	-0.021039	-0.064108	-0.161725	0.100819	0.342592	0.400853	0.250045	-0.023671	-0.139436	0.053371	-0.011038	-0.096492	-0.047802	0.073582	-0.037298	0.007245	-0.005157	-0.109604	0.039066	-0.220511	0.036078	-0.320738	-0.097044	0.157582	0.1905	0.142617	0.107046	-0.006436	-0.122831	
0.053189	0.011019	-0.160427	-0.146323	0.017546	0.017194	-0.10449	0.09067	0.132493	0.178793	-0.011168	-0.420488	-0.003377	-0.148533	-0.086593	-0.073051	-0.003679	-0.145486	-0.332724	0.08918	0.108393	0.038472	-0.026069	0.110462	0.174394	0.140536	0.035944	-0.121547	-0.168542	0.101703	0.067602	-0.158722	0.051079	0.287338	-0.01332	0.083813	-0.095284	-0.210444	0.02198	0.041468	-0.056177	-0.258591	0.030959	-0.151567	-0.03432	0.027096	-0.02924	0.16556	-0.011322	0.309677	
-0.049532	-0.301995	-0.05181	0.01838	0.122912	-0.27578	-0.101483	0.01775	0.12364	-0.270326	0.415293	0.063895	0.087468	-0.155526	0.105799	0.265169	0.057283	-0.105884	-0.017108	0.015218	-0.071289	0.255481	-0.081474	0.190582	0.03411	-0.042788	-0.070522	0.119377	0.003833	0.125463	0.035476	0.018074	-0.026588	0.036235	-0.120391	-0.131251	-0.092924	-0.066047	-0.164443	-0.047836	-0.336055	0.01711	0.044052	0.148565	-0.061868	0.058503	0.104722	0.139813	0.042354	-0.050332	
-0.054288	-0.198847	0.212126	0.090277	0.100174	0.046858	0.018988	0.002445	-0.020053	-0.016952	-0.008829	-0.048958	-0.004168	-0.056454	-0.043289	0.165727	0.14159	-0.033538	0.020656	-0.048632	0.281131	0.012544	0.035083	0.018101	-0.061572	-0.226159	-0.15963	0.091307	0.242341	0.030453	-0.259197	-0.026314	-0.126802	0.174341	0.073629	-0.120379	0.034176	-0.029481	0.178659	0.015002	0.184631	-0.213156	-0.162464	-0.14904	0.31682	-0.189749	0.262319	0.111145	-0.289899	0.069072	
-0.063505	-0.247769	0.034165	-0.29077	-0.121891	0.22634	0.033275	0.094673	-0.140634	-0.190145	-0.213246	0.081209	-0.282689	0.045667	0.053268	0.235809	-0.186531	-0.203935	0.142918	-0.05826	-0.227519	0.174824	-0.114427	0.069547	-0.0556	0.05	-0.093454	-0.013746	-0.068602	-0.008616	0.151159	0.150095	0.028713	-0.046727	0.060684	0.180121	-0.025433	-0.011715	-0.176012	0.242692	0.172134	-0.182779	-0.090745	-0.064759	-0.019143	0.144845	0.032641	0.057622	-0.11173	0.125092	
0.041496	-0.003437	-0.039374	-0.008002	0.205684	0.029784	0.075816	0.063794	0.187627	0.172056	0.052731	-0.036775	-0.110833	0.173926	-0.138697	0.21856	-0.115917	-0.147861	0.03905	0.181708	0.1163	0.034342	-0.079418	-0.190981	-0.054539	-0.075868	0.03411	0.284186	-0.004251	-0.038733	0.202513	-0.112337	0.116836	0.185132	-0.175893	0.020134	0.068024	-0.091262	0.156199	-0.131511	0.163052	0.171465	0.01783	0.211925	0.039098	0.409032	0.051609	-0.234039	-0.173142	-0.025367	
-0.197003	-0.064974	0.045737	0.017359	0.05044	-0.223518	-0.273225	0.011165	-0.012661	0.182515	-0.069774	0.039171	-0.243282	-0.10285	-0.033237	-0.052766	0.256372	0.331582	-0.076374	-0.017023	-0.093474	0.027886	-0.175877	-0.085441	0.151404	0.221053	-0.389737	0.039146	0.128158	-0.092805	0.092571	0.086369	0.149641	-0.165378	-0.125157	0.011175	-0.126626	-0.012918	-0.006784	0.028774	0.012647	0.051835	0.041362	-0.047346	0.260806	0.099	-0.044485	-0.145052	-0.017567	0.165491	
-0.044237	-0.01824	-0.318354	-0.078959	0.010585	-0.039079	-0.047348	0.242393	0.086123	0.001627	-0.151038	0.013707	0.171808	-0.09222	-0.049996	0.170021	0.006024	-0.020839	-0.323681	0.066472	-0.272522	-0.232178	0.241779	0.142238	-0.109111	0.180972	0.078732	0.046079	0.248262	0.054448	0.043871	0.087077	-0.176166	-0.017145	0.05033	-0.104904	0.071426	0.236333	-0.012421	0.08111	0.17533	-0.032519	0.195593	0.20026	0.194049	0.000837	0.096377	-0.025228	-0.075189	-0.089936	
-0.073151	-0.038166	-0.056337	0.184734	-0.067258	0.178976	-0.033039	0.02109	-0.07068	0.004764	0.042332	-0.007556	0.125184	-0.053905	0.048844	0.311364	-0.103267	0.148769	-0.170721	-0.023873	-0.03344	-0.085186	-0.036251	0.137077	0.097554	-0.199243	0.034942	-0.059946	0.025518	0.008818	0.187546	0.341498	-0.225348	-0.085555	0.065918	0.261537	-0.088811	-0.197265	0.221139	-0.360972	0.000751	0.204149	-0.035636	-0.248158	-0.04633	0.026689	-0.038659	-0.07666	0.039772	0.14928	
-0.009898	0.18988	0.176014	0.167581	0.071063	-0.134829	0.024433	0.046306	-0.069166	0.002125	0.037679	0.132229	-0.081141	-0.020828	-0.30369	0.090497	0.029749	0.028352	-0.080292	0.041909	-0.02824	-0.058407	-0.009575	0.126537	-0.237527	-0.014728	0.036837	-0.05239	-0.284007	0.078495	0.038776	-0.207438	-0.117169	-0.093879	0.22771	0.167826	0.04299	0.093513	-0.184658	0.092996	-0.254457	-0.025427	0.139831	-0.145606	-0.00976	0.041116	0.317662	-0.296769	-0.202695	0.17745	
0.021318	-0.040075	0.110596	-0.068404	0.085066	0.095503	-0.077043	0.140572	0.052663	-0.302381	-0.016618	-0.257158	0.008071	0.114646	-0.113237	-0.125868	0.056023	0.320291	0.121726	0.202077	0.032187	0.126679	-0.176496	0.083996	-0.080341	0.282506	0.062702	0.001575	0.104106	0.266784	0.188402	0.033807	-0.065617	0.016707	-0.070598	0.188458	0.307885	0.003139	0.130954	-0.103414	-0.007105	-0.096278	-0.157055	0.08676	-0.049411	-0.204574	0.131313	-0.118122	0.079836	-0.140945	
0.234108	-0.081847	0.100711	0.182916	0.010212	0.191066	-0.044944	0.013777	-0.160225	0.282218	0.044982	-0.149485	0.111338	0.021928	0.058321	0.228694	-0.04973	-0.019367	-0.028268	-0.072141	-0.184621	0.10022	0.205619	0.108131	0.028893	0.198746	-0.111324	0.137516	-0.193997	-0.069623	-0.059053	-0.14071	0.310983	-0.161137	-0.066169	0.147769	-0.070973	-0.166083	-0.032924	-0.00043	0.0754	0.093758	-0.040385	0.165274	0.073752	-0.328477	0.220414	-0.000659	0.045839	-0.153003	
0.097356	-0.159465	0.267084	-0.170373	-0.195696	-0.000306	-0.056508	-0.096724	-0.095647	0.105356	-0.159231	0.041121	0.002447	-0.004713	0.050832	0.017603	0.027247	0.096943	-0.01758	0.298882	0.028009	-0.000445	-0.150795	0.165944	-0.204337	-0.072203	0.043483	-0.008851	-0.037279	-0.212884	0.063901	-0.076609	-0.160405	0.026051	0.034581	-0.154573	-0.151215	-0.196099	0.293973	0.080467	-0.06535	-0.10134	0.410426	0.069126	0.027871	0.080137	0.102995	0.033406	0.260936	-0.163524	
-0.263071	0.11414	-0.084051	-0.118491	-0.248979	0.201748	0.014124	-0.167269	0.042507	0.140312	0.209101	-0.040279	0.144878	-0.11483	-0.20864	-0.144739	-0.026784	0.140469	0.114689	0.226255	-0.260862	0.167132	0.016092	0.021178	0.007151	-0.203841	-0.007563	0.149704	0.1225	0.055938	-0.316225	0.084768	0.018141	0.121119	0.142626	0.192062	-0.067509	-0.148934	-0.157117	0.002498	-0.027674	-0.125633	-0.032477	0.219894	0.104842	0.066414	-0.019985	-0.152422	-0.022636	0.016028	
-0.033971	0.140566	-0.001542	0.117409	0.09462	-0.159923	-0.225669	-0.123082	-0.172386	-0.012904	0.135916	-0.049918	0.053244	0.213032	0.030889	-0.017205	-0.171057	-0.250445	0.183727	0.274543	0.027053	-0.238591	-0.078348	-0.169486	0.189828	0.270708	-0.129037	0.166018	0.008698	0.102041	0.056463	0.237816	-0.093358	0.063957	0.338354	0.017069	-0.15949	-0.062258	-0.055649	0.009777	0.075124	-0.0863	0.118597	-0.096336	-0.002814	-0.043162	0.099219	0.123802	-0.043541	-0.146703	
0.061401	0.212704	0.143488	-0.101317	0.157034	0.236338	-0.102195	-0.168877	-0.008157	-0.384151	-0.140315	0.066424	0.34621	-0.053018	-0.066127	-0.084883	-0.083271	-0.08899	-0.084016	-0.070719	-0.026034	0.143166	0.024722	-0.044183	0.110349	0.101331	-0.176839	0.213092	0.107027	-0.095882	-0.047066	-0.176109	-0.114417	0.050075	-0.210401	-0.012441	-0.185815	0.080304	-0.04102	-0.018363	0.11707	0.128821	0.128741	-0.109248	-0.02875	0.053672	0.147538	-0.106568	0.165576	0.254827	
-0.024275	0.050871	0.127216	0.046055	0.01092	0.223456	0.177511	0.196092	-0.039344	0.178433	0.210484	0.076455	-0.208343	-0.036997	0.039219	0.157082	0.117743	0.114546	0.174137	-0.168661	-0.013514	-0.197211	-0.128568	-0.133663	0.141942	0.15895	0.145996	-0.048997	0.150229	0.157065	-0.152748	-0.045798	-0.097782	0.153125	-0.106969	0.133984	-0.074814	0.178577	-0.052764	-0.066068	0.01598	-0.045481	0.250283	0.124892	-0.090707	0.088611	0.213566	0.230456	0.264166	0.175424	
-0.022142	0.194047	-0.141155	-0.105033	0.045039	-0.07099	0.269098	-0.159754	-0.220386	-0.067658	-0.027192	-0.036631	-0.193235	-0.251361	-0.034053	-0.047685	0.120689	-0.15819	-0.064726	-0.093403	-0.239149	0.035248	-0.205974	-0.101321	-0.075982	-0.086617	0.097908	0.114423	-0.012988	0.439753	0.109524	-0.078711	0.083885	-0.16506	-0.019937	-0.199212	-0.170004	-0.154192	0.203589	-0.147546	0.136259	-0.004744	0.035191	-0.056183	0.071926	-0.146539	0.081016	-0.042945	0.014449	-0.082935	
-0.105865	-0.172372	-0.04196	0.237179	-0.04661	0.249054	0.032428	0.176359	-0.044011	-0.070506	0.162648	0.00088	0.100065	0.12978	-0.143157	-0.003313	0.084676	-0.053013	-0.09709	-0.005151	0.15385	-0.180557	-0.031792	-0.118718	-0.013304	-0.035205	0.048031	-0.097196	0.033865	0.068664	0.103134	0.014107	0.011122	-0.086481	-0.227907	-0.208595	-0.224315	-0.198387	-0.246668	0.23294	0.068057	-0.262303	-0.03037	-0.124594	0.009999	0.003339	-0.081404	-0.368839	0.187629	-0.166162	
