0.028513	-0.091571	-0.021213	0.035208	0.113673	0.124947	0.123891	0.17961	-0.020715	0.018668	-0.225665	0.151767	0.164249	-0.085988	-0.158676	-0.056487	-0.184827	-0.109999	-0.08562	-0.217724	0.057474	-0.019898	-0.019041	-0.067576	0.166188	-0.037487	0.112993	0.065164	0.095458	0.107187	-0.213152	-0.080079	-0.146986	-0.23653	0.007469	-0.00852	-0.460074	-0.02911	0.055581	-0.25925	0.249407	0.079425	-0.151591	0.208556	-0.038503	-0.11365	0.058221	-0.142998	0.07654	-0.088362	
0.274394	0.071129	-0.093819	0.017314	-0.21306	0.147715	-0.024127	-0.036707	-0.0578	-0.015283	0.058014	0.127114	0.103251	0.08324	-0.321606	0.181991	0.034789	-0.142263	0.220566	-0.181338	-0.112903	-0.049511	-0.134654	0.067049	-0.164658	-0.112824	0.022133	-0.357744	-0.139012	0.143122	0.248328	0.146036	-0.078865	-0.015909	0.095369	-0.204666	0.034868	0.159044	0.071974	-0.020457	0.056418	0.10917	-0.039688	0.099517	-0.202715	0.086586	0.053081	0.133885	0.163789	0.1412	
0.141404	-0.17842	-0.013908	-0.105298	-0.151083	-0.049403	-0.308816	0.042867	-0.304357	-0.046113	0.028299	0.024361	-0.26901	0.038542	0.032858	0.024883	0.086352	0.018385	-0.080021	0.223485	0.240902	-0.120804	-0.075113	0.014601	-0.142823	-0.076783	-0.055956	0.056555	0.10155	0.111581	-0.065232	-0.006783	-0.048949	0.1635	-0.214534	0.099861	-0.172249	0.067006	0.169156	-0.26619	-0.135651	0.226755	-0.118444	0.114506	0.003184	0.193318	-0.285707	-0.031589	0.068383	0.000147	
0.122108	0.013878	0.286824	0.032028	-0.027674	-0.181375	0.05952	-0.087653	-0.096776	-0.020037	-0.273692	0.066246	0.134277	0.081237	-0.198618	0.032816	0.083098	0.127931	0.287755	-0.051445	0.031101	0.088963	0.156425	0.053006	-0.052207	0.048745	-0.155321	0.092182	0.187498	-0.134426	-0.252696	0.027346	0.17694	-0.013276	-0.180854	-0.039494	0.117555	0.275926	0.185848	-0.023364	0.073174	0.152065	0.115484	-0.173429	-0.176791	0.056571	0.132501	-0.020666	-0.099117	-0.277695	
-0.302907	0.046467	-0.128252	0.003035	-0.120354	-0.004184	0.012959	-0.054056	-0.059805	-0.306307	-0.016857	0.01188	0.086041	-0.091619	0.115106	0.204201	0.003069	-0.266167	-0.180712	0.052	0.10615	-0.187064	0.066742	-0.147025	-0.008172	0.018753	0.122443	-0.169349	0.241169	-0.201106	0.155902	-0.184603	0.005709	0.026034	0.1097	-0.141213	-0.0988	0.093352	-0.010427	-0.013021	-0.034571	0.382015	0.090661	-0.194704	-0.058009	0.001096	0.175949	0.027367	-0.206449	-0.038035	
0.061494	0.18331	0.037123	0.022037	0.086197	-0.231472	-0.013706	-0.083866	0.050501	0.324059	-0.140721	-0.039774	-0.194549	0.051599	-0.011274	0.102925	-0.194858	-0.031297	-0.053719	0.193437	-0.145057	0.153866	0.206661	0.14327	-0.011476	-0.07717	-0.019159	0.069936	-0.094494	-0.044722	0.385326	0.019508	-0.297531	-0.059047	0.187053	0.099252	0.000612	-0.006252	0.162956	-0.202495	0.022808	0.201557	-0.10143	0.064651	0.102986	0.032515	0.150671	-0.023508	-0.165227	-0.178117	
0.181069	0.070827	0.113915	0.023069	-0.148581	0.088246	-0.131377	-0.060101	0.026448	-0.064909	-0.092327	-0.178434	0.015737	-0.098428	0.011944	-0.203266	-0.125235	0.103268	-0.117072	0.007433	0.285624	-0.302263	0.039059	0.182427	0.069721	-0.091418	-0.097507	-0.073838	0.052066	0.312533	0.032315	0.103245	0.065069	-0.08664	0.350058	0.009967	0.000122	0.038075	-0.198641	-0.053684	0.179082	-0.144547	-0.025921	-0.31657	0.061888	0.17764	0.04333	0.037728	-0.082519	-0.188771	
0.11079	0.01215	0.040662	-0.046259	-0.231885	0.082967	0.035348	-0.197261	-0.043976	-0.203061	0.136974	-0.238062	-0.172303	0.179383	-0.080056	0.257287	0.055175	0.102228	0.068887	0.028625	-0.257524	-0.032705	-0.115356	-0.1516	0.16391	-0.062159	0.105349	-0.062039	0.266386	0.043753	-0.12676	-0.067015	-0.214503	-0.076247	0.031693	0.33222	0.12311	-0.1111	-0.029597	0.038652	0.160205	0.011124	-0.015274	-0.015376	0.108703	-0.191425	0.060441	-0.180268	0.164092	-0.192823	
0.086034	-0.217602	-0.175387	0.037738	-0.057029	-0.222843	-0.008265	0.010913	-0.073377	-0.195562	0.062723	-0.063405	-0.02726	-0.128345	0.045253	-0.05241	-0.225553	0.01763	0.271878	-0.039219	0.173439	0.261924	-0.267497	0.082481	-0.113737	-0.128936	0.056461	0.046082	0.124014	-0.166726	0.020716	0.078151	-0.166902	-0.125228	-0.12105	-0.072213	-0.076793	0.009356	0.011185	0.037399	0.101487	-0.112752	-0.040537	-0.098319	0.366049	-0.023633	0.18045	0.339342	-0.094985	0.03971	
0.073281	-0.021139	-0.079823	-0.049689	-0.058606	0.16055	0.094564	0.095038	-0.067298	0.161061	0.166675	-0.275185	-0.111894	0.109981	-0.054532	0.422772	-0.108088	0.030408	-0.081387	0.171916	0.253308	0.150259	0.13524	0.016356	0.212332	-0.064046	-0.000462	0.130984	-0.058337	0.079491	-0.28845	0.051186	0.170375	-0.15444	0.113324	-0.163822	-0.005656	0.143526	0.053368	0.106006	-0.072122	0.000388	-0.04715	0.121866	-0.098873	-0.013677	0.176286	0.089798	-0.195593	0.212049	
-0.103694	-0.245052	-0.037955	0.10789	0.091498	-0.135964	0.104727	0.292424	-0.183422	-0.199757	0.031157	-0.02897	0.0207	0.070626	0.014712	-0.081294	0.178961	0.131362	0.035876	-0.060408	-0.208664	0.075869	-0.146372	-0.099283	0.255198	-0.115756	-0.086	-0.11013	-0.248556	0.189873	0.033637	-0.021454	0.034371	0.011101	0.220987	0.009787	0.079087	0.222109	0.149765	-0.176549	-0.124608	0.034713	0.097043	-0.06789	0.211406	0.175581	0.118399	-0.2613	-0.153788	0.035498	
0.162909	0.051901	-0.07151	0.083541	0.168104	0.140861	0.053078	-0.333759	-0.081307	-0.215172	0.102077	0.311682	-0.039705	0.282789	0.107642	0.028242	0.138898	-0.059551	0.006799	0.000984	0.129588	0.015377	0.008856	0.053271	0.006162	0.019925	-0.17668	0.334298	-0.153492	-0.099456	0.10959	0.085228	0.125405	-0.098448	0.13822	-0.029256	-0.18146	0.177257	-0.212468	0.085097	-0.03491	0.124555	-0.064076	0.033247	0.239185	-0.079269	0.073339	-0.120912	0.170988	-0.078799	
-0.153063	-0.011998	0.118986	-0.267686	0.125559	0.058082	-0.197776	-0.089457	0.043862	-0.129871	0.085426	-0.096813	-0.093939	0.20671	-0.139743	-0.161906	0.142374	-0.249753	0.070686	0.104478	0.012077	0.112247	0.19681	0.363871	0.154268	0.120397	0.044462	-0.238008	-0.015181	-0.056929	-0.111142	0.068304	-0.194796	-0.097744	-0.18491	-0.163196	-0.08342	-0.043519	-0.125033	-0.128377	0.113601	-0.073148	0.20031	0.013066	0.087736	0.131543	0.115249	-0.159997	-0.025163	0.139267	
0.166349	-0.004356	-0.095076	0.094509	-0.092375	0.301392	0.19894	0.275	0.004508	0.045048	0.025095	0.105183	-0.070083	-0.100369	-0.027774	-0.189779	0.133348	-0.311688	0.06304	0.322805	0.194625	0.171815	-0.03389	-0.124219	-0.209438	-0.001651	0.040383	0.016864	-0.040987	0.044848	0.012299	-0.024661	-0.215911	-0.073059	-0.098497	0.112538	0.149808	0.032223	-0.082736	0.095297	-0.114059	-0.098107	0.071365	-0.087913	-0.121887	0.004563	0.161679	-0.212728	-0.096796	-0.268524	
0.12854	-0.111059	0.392523	-0.063184	-0.073225	-0.193042	-0.006717	0.281613	0.034524	-0.084675	-0.262485	0.065254	-0.100103	0.017883	0.089936	0.247462	-0.025531	-0.221174	-0.071814	0.065911	0.008955	-0.137682	-0.253159	0.091999	0.075609	0.189663	-0.187613	0.123657	-0.12741	-0.03172	0.047872	-0.015703	-0.211957	-0.118353	0.096327	0.02803	-0.017032	0.029006	-0.065757	0.182003	0.027568	0.002464	0.222115	-0.088254	-0.062705	-0.182957	-0.099157	0.055601	0.086035	0.209995	
0.005311	0.048436	-0.003807	0.220531	0.105215	-0.040406	-0.056457	-0.087381	0.198371	0.028101	0.044403	-0.081636	-0.001837	0.10078	0.040404	0.174145	0.159258	-0.284177	0.016186	0.05273	-0.122977	-0.112482	-0.090373	-0.057071	0.016559	0.078811	0.059168	0.109501	-0.05409	0.089517	-0.11521	-0.007156	-0.037879	0.165447	-0.111248	-0.076912	-0.085211	0.166104	0.082589	-0.41675	-0.087089	-0.338267	-0.268411	-0.360594	-0.041981	-0.139213	0.07606	0.162116	0.009643	-0.010882	
0.017032	-0.182187	-0.163519	0.190963	-0.110489	-0.062817	-0.06572	0.082617	0.049299	-0.066667	0.109389	-0.006229	-0.129537	0.248384	-0.165365	-0.062049	-0.342587	0.060685	-0.115356	-0.028361	-0.13763	-0.009206	0.030847	0.039031	-0.17234	-0.093326	0.010274	0.150452	0.004786	-0.256029	-0.001029	0.026075	0.124537	-0.282197	0.060165	-0.134348	0.053702	-0.180797	-0.085662	-0.245058	-0.134177	-0.032357	0.202689	-0.234946	-0.261233	0.011536	-0.11803	-0.188932	0.099584	0.019151	
0.174369	0.08247	0.109701	-0.029579	0.130085	0.238503	-0.064078	0.026326	-0.120101	-0.174784	0.053982	-0.093389	0.125806	-0.299365	-0.076373	-0.088737	-0.071135	0.078938	-0.059004	0.023298	-0.113237	0.098109	0.178488	-0.074255	-0.144651	0.149877	0.097528	0.220477	0.000415	-0.035241	-0.186878	0.196158	-0.207596	0.231708	0.24022	-0.019542	0.153635	-0.003721	0.018507	-0.242982	-0.093977	0.217843	0.185553	-0.05659	0.109897	-0.120973	0.076738	0.112929	0.140749	0.217425	
-0.276289	-0.01396	0.152468	-0.179742	0.035621	-0.042373	-0.083926	0.125435	0.223289	-0.043712	0.333321	-0.155493	0.051581	-0.22936	-0.07277	0.054836	0.074408	0.031282	0.295667	0.071395	0.044856	-0.14849	-0.093953	-0.033664	-0.114779	-0.269723	-0.353742	0.180406	-0.133478	-0.111832	-0.005328	0.041634	-0.047155	0.037982	0.106956	-0.07638	-0.110453	-0.094335	-0.04303	-0.054762	0.076936	0.104758	-0.126363	0.090354	-0.168501	-0.03658	0.136643	-0.102811	0.101099	-0.160017	
0.060771	-0.045502	-0.417497	-0.049954	-0.019932	-0.025913	0.007593	-0.025094	0.164628	-0.105327	-0.00684	-0.058794	0.23106	-0.035528	-0.044847	-0.065429	0.057335	0.196181	-0.096229	0.201979	-0.064916	0.021842	-0.18066	0.221574	0.118663	0.308397	-0.250873	0.063088	0.086621	0.131505	0.117628	0.215477	-0.048628	-0.018437	-0.164255	0.060699	0.048916	0.042676	-0.003527	-0.047274	0.130603	0.189992	-0.089567	-0.022542	-0.198966	-0.249011	-0.050069	-0.097132	-0.226348	0.085617	
0.083151	-0.168991	0.048724	-0.185709	-0.209848	0.055455	0.206124	-0.333952	-0.143245	0.126247	-0.110484	-0.335659	0.179187	-0.037069	-0.141138	-0.212484	-0.04092	-0.079883	-0.043177	0.078276	0.002003	-0.074858	-0.117424	-0.254837	0.205455	0.084351	-0.135751	0.117568	-0.110504	-0.213158	0.224467	-0.143177	-0.026211	0.010146	-0.068895	-0.083787	-0.060124	0.099231	-0.074185	-0.163742	-0.146632	-0.146749	0.120986	0.162868	-0.024027	0.078926	0.008479	0.074806	0.033018	-0.008365	
-0.111803	-0.074837	0.066194	0.056831	-0.278882	0.17359	-0.071121	-0.022601	0.164269	0.009942	-0.016998	-0.007021	-0.055293	-0.318337	0.104731	0.102098	-0.133218	-0.027145	0.239156	0.119022	-0.050929	0.129973	0.126144	0.05303	0.073241	0.226	0.066351	-0.129468	-0.015403	-0.042871	0.09403	0.148437	0.203958	-0.136045	0.069151	-0.127699	-0.116841	0.224957	0.196921	-0.030008	-0.082366	-0.066445	-0.004922	-0.001657	0.24068	-0.158514	-0.32089	-0.233524	0.124786	-0.128462	
0.185012	0.390695	0.060023	-0.075229	0.086895	0.057915	0.041554	0.236454	-0.094445	0.012256	0.121973	0.090051	0.247254	-0.000982	-0.034767	0.194971	0.009038	0.187923	0.088002	0.086471	0.14163	-0.155602	-0.240855	0.24824	0.198491	-0.034652	0.195356	0.038866	0.109311	-0.17332	0.177045	-0.124631	0.096457	0.031386	-0.110711	-0.087581	0.017052	-0.175929	0.03787	-0.201874	-0.187684	-0.117348	0.149327	0.0185	0.144874	-0.015	-0.011209	-0.111509	-0.029395	-0.096567	
0.079444	0.0951	-0.27175	0.095007	-0.097424	-0.201047	-0.068921	0.073193	0.116429	0.20867	0.031723	-0.027323	-0.069066	-0.034857	0.041636	-0.074406	0.13392	-0.02749	0.032815	-0.229858	0.108547	-0.046835	-0.056992	0.039539	0.244337	0.219445	-0.055626	0.007496	0.119759	-0.200925	-0.267399	-0.058015	-0.32641	0.023191	0.199146	-0.255551	0.175528	0.081854	-0.088839	0.081093	-0.173686	0.127997	-0.128172	0.041616	0.031644	0.197252	-0.073883	-0.060327	0.20387	-0.135503	
-0.004219	0.100491	0.099267	0.165469	-0.187652	0.056849	-0.145328	-0.038534	-0.141968	0.276588	0.183219	0.106216	-0.078372	-0.025155	0.165541	-0.061143	-0.018239	0.028415	0.186636	-0.172238	-0.188754	0.01941	-0.027118	-0.148078	0.170836	0.030352	-0.097235	0.118691	0.19128	0.215247	0.060284	0.215955	-0.099597	0.047464	-0.134149	-0.066096	-0.362804	-0.109215	-0.146015	0.074646	-0.158928	0.072741	0.258598	-0.119001	-0.082891	0.008798	0.143785	-0.032055	-0.224364	0.073986	
